1791.7	1.15290527344	0.07412109375
1794.1	1.11020507812	0.893481445312
1808.3	1.31162109375	1.12309570312
1810.7	0.514013671875	0.425390625
1877.9	1.00546875	0.827416992187
1907.2	0.84111328125	0.648559570312
1910.2	1.55090332031	0.158715820312
1915.1	1.08603515625	0.924096679687
1957.0	1.06428222656	0.0
1997.3	0.6251953125	0.385107421875
2032.5	1.66691894531	1.50578613281
2057.0	0.79921875	0.683203125
2062.9	0.568798828125	0.149853515625
2099.8	1.43811035156	0.0
2122.5	1.56540527344	0.742822265625
2124.8	0.434252929687	0.1095703125
2128.9	1.15290527344	1.00385742188
2144.4	1.56782226562	0.642114257812
2148.6	0.887841796875	0.761352539062
2186.8	0.845947265625	0.68642578125
2193.2	0.608276367188	0.506762695312
2198.6	1.10053710938	0.953100585937
2208.8	1.1150390625	0.0
2255.3	0.249755859375	0.0
2266.6	0.310986328125	0.198193359375
2270.5	1.0763671875	0.8830078125
2280.1	0.19658203125	0.134545898438
2299.4	1.31806640625	0.580078125
2347.1	1.21977539062	1.06267089844
2410.1	1.46469726562	0.0
2424.3	1.60166015625	0.0
2518.1	0.550268554688	0.461645507812
2531.0	0.0	0.0
2547.1	0.0515625	0.0
2563.0	0.746044921875	0.626806640625
2566.1	1.61374511719	1.276171875
2567.0	0.9603515625	0.385913085937
2574.6	1.03527832031	0.77666015625
2579.3	1.15048828125	0.94423828125
2585.5	0.481787109375	0.012890625
2602.7	0.748461914062	0.651782226562
2643.6	1.17788085937	0.0
2662.5	1.173046875	0.0
2747.9	1.56862792969	0.0
2751.7	0.878979492187	0.742016601562
2769.0	1.36962890625	0.0
2794.9	1.02077636719	0.869311523437
2795.0	1.134375	0.968408203125
2796.6	1.05380859375	0.884619140625
2820.4	1.1537109375	0.0
2828.1	0.86044921875	0.733154296875
2861.0	1.04575195312	0.86044921875
2873.7	0.591357421875	0.48017578125
2882.4	0.66708984375	0.539794921875
2884.6	1.52028808594	1.31000976562
2893.3	0.6509765625	0.539794921875
2975.6	1.10778808594	0.0
2976.6	1.45100097656	0.0
3006.6	0.970825195312	0.0
3011.8	1.62583007812	0.0
3028.0	0.952294921875	0.7927734375
3159.3	0.278759765625	0.215112304687
3170.4	0.523681640625	0.0523681640625
3295.0	1.13920898437	0.0
3342.9	0.687231445312	0.549462890625
3391.8	1.66127929687	1.49128417969
3449.6	1.37526855469	0.416528320312
3472.0	0.801635742188	0.0
3492.6	1.0634765625	0.0
3575.5	1.05541992188	0.916040039062
3586.7	0.521264648437	0.423779296875
3594.4	0.228002929687	0.1740234375
3594.5	0.9087890625	0.432641601562
3624.4	1.17788085937	0.998217773437
3633.3	1.06669921875	0.458422851562
3645.3	0.69609375	0.381079101562
3655.8	0.393969726562	0.0
3680.9	0.675146484375	0.0
3695.4	0.0	0.0
3725.9	0.580078125	0.270703125
3874.5	1.32531738281	0.0
3884.1	1.09812011719	0.309375
3891.8	1.14243164062	0.928930664062
3900.1	1.15048828125	0.993383789062
3951.7	1.27294921875	0.0
3953.4	0.945043945312	0.800830078125
3967.4	0.51884765625	0.3158203125
4025.9	1.49772949219	1.31967773437
4039.2	1.62583007812	0.0
4103.5	0.011279296875	0.0
4107.5	1.38010253906	1.15935058594
4130.2	0.506762695312	0.31904296875
4144.9	0.0	0.0
4183.4	1.56057128906	0.0
4218.8	0.0	0.0
4228.5	1.08522949219	0.255395507812
4240.5	0.99580078125	0.442309570312
4300.0	1.31967773437	1.07314453125
4324.5	1.20366210937	0.0
4327.6	0.358520507812	0.232836914062
4361.1	1.6822265625	1.57023925781
4420.2	0.169189453125	0.127294921875
4420.3	0.786328125	0.623583984375
4423.0	0.0717041015625	0.0555908203125
4501.9	0.894287109375	0.468896484375
4594.9	1.50739746094	0.0
4609.4	0.948266601562	0.38671875
4620.9	1.11987304688	0.97646484375
4647.4	1.41635742187	1.17385253906
4665.0	0.75732421875	0.6123046875
4674.2	0.0	0.0
4719.0	0.50595703125	0.401220703125
4721.6	0.332739257812	0.0
4744.5	1.36398925781	1.01030273437
4756.8	1.30678710937	0.0837890625
4773.6	1.12631835937	0.9732421875
4840.0	1.14001464844	0.0
4846.6	1.32370605469	0.591357421875
4860.0	0.422973632812	0.26103515625
4866.0	1.224609375	0.0
4881.2	0.9732421875	0.825805664062
4881.2	1.29873046875	0.0451171875
4887.4	1.2826171875	0.0169189453125
4912.8	1.64919433594	0.02578125
4918.6	0.643725585937	0.555102539062
4942.3	0.848364257812	0.601831054687
4979.3	0.0	0.0
4998.5	0.858837890625	0.0265869140625
5016.1	1.65805664062	1.44858398437
5029.5	1.00546875	0.856420898437
5031.3	1.01594238281	0.842724609375
5051.4	0.932958984375	0.794384765625
5054.6	0.636474609375	0.498706054687
5066.7	1.46389160156	1.23347167969
5080.7	0.694482421875	0.0
5096.3	1.03366699219	0.6703125
5113.3	0.798413085937	0.6896484375
5115.2	1.6564453125	0.739599609375
5165.9	0.95390625	0.766186523437
5199.8	1.66611328125	1.52109375
5237.7	1.00788574219	0.0
5242.0	0.791162109375	0.650170898437
5320.8	1.09006347656	0.940209960937
5369.6	1.11665039063	0.958740234375
5382.7	0.80888671875	0.61552734375
5383.2	1.55412597656	0.0
5383.6	1.28986816406	0.0
5471.3	1.21010742187	0.0
5543.8	1.07797851562	0.932153320312
5547.8	1.14162597656	0.0
5557.4	0.00322265625	0.0
5574.4	0.812109375	0.0
5576.5	0.9990234375	0.825
5577.0	0.67998046875	0.521264648437
5607.2	1.61374511719	0.513208007812
5608.4	1.16176757812	1.00385742188
5614.8	0.416528320312	0.279565429687
5636.2	1.26005859375	0.0
5642.2	0.646142578125	0.54140625
5660.5	0.0	0.0
5676.4	0.809692382812	0.669506835937
5723.7	0.955517578125	0.465673828125
5775.4	0.868505859375	0.004833984375
5777.0	1.67255859375	1.50417480469
5791.4	1.48564453125	0.500317382812
5797.6	0.0	0.0
5797.9	0.637280273437	0.485009765625
5832.4	0.1353515625	0.02900390625
5876.9	0.103125	0.0
5913.7	0.0	0.0
5935.5	1.018359375	0.78310546875
5962.2	1.62341308594	0.0
5976.3	0.671923828125	0.554296875
5987.7	0.765380859375	0.64453125
6059.5	1.58232421875	0.0
6063.3	0.0	0.0
6098.7	0.484204101562	0.377856445312
6103.3	0.64775390625	0.51884765625
6161.5	0.319848632812	0.255395507812
6178.9	0.335961914062	0.2642578125
6188.6	1.13598632812	0.987744140625
6198.5	1.55412597656	0.0
6253.0	0.141796875	0.108764648438
6258.5	1.62180175781	0.0
6265.0	1.353515625	0.966796875
6300.6	1.02077636719	0.863671875
6338.0	1.14404296875	0.852392578125
6341.6	0.688037109375	0.397192382812
6349.2	1.67416992187	1.48483886719
6355.1	0.98935546875	0.835473632812
6413.6	1.04252929687	0.889453125
6418.9	1.04655761719	0.0
6434.5	0.971630859375	0.0
6447.8	1.66611328125	1.48403320312
6481.3	0.8314453125	0.0
25.3	0.13212890625	0.0942626953125
34.7	0.546240234375	0.452783203125
74.0	1.405078125	0.01611328125
101.0	0.54140625	0.411694335937
118.0	1.45100097656	1.21655273438
144.3	1.39299316406	1.044140625
179.3	0.974853515625	0.0
252.5	1.17062988281	0.001611328125
275.0	1.20849609375	0.0
287.8	0.562353515625	0.362548828125
353.4	1.03205566406	0.889453125
356.6	1.276171875	1.03366699219
363.4	0.423779296875	0.0749267578125
412.2	1.18916015625	0.849975585938
419.1	1.51706542969	0.0
428.1	0.8958984375	0.008056640625
473.2	1.134375	0.978076171875
510.8	1.69028320312	1.59118652344
511.1	0.4447265625	0.260229492187
531.4	1.64033203125	1.4373046875
541.3	0.42861328125	0.343212890625
549.3	0.0	0.0
611.1	0.1546875	0.07734375
625.7	0.91201171875	0.769409179688
656.2	0.505151367187	0.4125
738.4	1.14968261719	1.01997070313
746.1	0.994995117188	0.836279296875
761.1	0.903955078125	0.0
767.4	0.53818359375	0.0
770.9	1.63146972656	0.012890625
792.2	1.67014160156	1.53237304687
813.9	1.68544921875	1.56862792969
850.2	1.65402832031	0.0539794921875
856.2	1.24797363281	0.0
879.7	1.60568847656	0.0
881.8	1.04575195312	0.889453125
955.8	1.5984375	1.276171875
1030.8	1.56459960937	1.18835449219
1045.9	0.658227539062	0.4962890625
1079.8	0.520458984375	0.41572265625
1110.1	0.865283203125	0.719458007812
1180.8	1.39138183594	0.0
1187.4	0.5865234375	0.4189453125
1258.9	0.576049804688	0.0
1279.3	0.7734375	0.658227539062
1355.2	1.54606933594	0.0
1373.5	0.0	0.0
1406.6	1.44938964844	1.24152832031
1408.2	1.62341308594	0.0
1410.6	0.994189453125	0.843530273437
1462.0	1.0828125	0.878173828125
1467.7	1.64516601562	1.14968261719
1502.9	0.230419921875	0.1740234375
1505.1	0.581689453125	0.459228515625
1555.8	1.00708007812	0.837890625
1585.9	0.49951171875	0.18046875
1638.0	1.17143554687	0.788745117187
1683.0	1.250390625	1.02399902344
1721.0	1.52109375	0.0
1755.5	0.194165039062	0.0
1756.8	0.0	0.0
1764.1	0.652587890625	0.0
1775.0	0.566381835938	0.030615234375
1776.1	0.0	0.0
1795.7	0.330322265625	0.262646484375
1797.9	1.662890625	1.51062011719
1840.9	0.681591796875	0.4060546875
1851.5	0.985327148437	0.0
1899.4	0.80244140625	0.606665039063
1903.3	0.841918945312	0.710595703125
1930.9	1.38977050781	1.16096191406
1953.3	0.88623046875	0.73154296875
1975.9	1.16982421875	0.0
1981.1	1.51948242187	0.0
2016.1	1.63388671875	0.011279296875
2019.2	0.203833007812	0.0
2040.1	1.56782226562	0.0
2058.8	1.67578125	1.55573730469
2064.0	0.825805664062	0.68642578125
2154.8	1.57426757812	1.14565429687
2193.1	1.17143554687	0.997412109375
2194.9	0.0	0.0
2203.4	1.22863769531	0.0
2245.0	1.069921875	0.920874023437
2264.9	0.911206054687	0.746044921875
2278.2	1.42119140625	0.0
2279.2	1.03286132812	0.8572265625
2283.2	0.2126953125	0.0
2291.9	0.604248046875	0.503540039062
2307.3	1.2375	1.044140625
2316.6	0.980493164062	0.0
2325.4	1.07153320312	0.0
2328.3	1.43247070312	0.0
2363.8	0.964379882812	0.852392578125
2364.4	1.15209960938	0.0
2438.0	1.50498046875	0.211083984375
2465.3	0.874951171875	0.71220703125
2467.3	0.01611328125	0.0
2505.0	1.24475097656	1.05864257812
2626.3	0.958740234375	0.730737304687
2627.4	0.322265625	0.24169921875
2643.3	0.62197265625	0.0
2672.1	0.613916015625	0.5091796875
2692.9	0.0	0.0
2710.2	1.15209960938	0.994189453125
2715.0	0.20625	0.0
2747.6	1.66450195312	1.40104980469
2810.6	0.729125976562	0.0708984375
2825.9	0.78310546875	0.67353515625
2844.6	0.538989257812	0.23525390625
2860.0	1.22702636719	1.06589355469
2872.6	1.13598632812	0.9861328125
2873.2	0.700122070312	0.5865234375
2979.4	0.591357421875	0.04833984375
3014.3	1.0119140625	0.84755859375
3102.5	0.698510742187	0.468090820312
3124.1	1.41232910156	1.14404296875
3131.0	0.391552734375	0.0
3155.6	1.0505859375	0.898315429688
3245.7	0.393969726562	0.307763671875
3265.2	0.814526367187	0.6380859375
3294.2	1.36560058594	0.03544921875
3332.7	1.17546386719	0.940209960937
3352.1	0.684008789062	0.522875976562
3365.9	0.0	1.10698242187
3441.5	0.7541015625	0.0
3468.7	0.7798828125	0.0749267578125
3475.1	0.878979492187	0.739599609375
3483.1	0.885424804687	0.69931640625
3495.9	1.51706542969	0.0
3522.9	1.18110351563	0.969213867187
3540.5	0.620361328125	0.414916992188
3591.6	0.992578125	0.856420898437
3620.7	0.849169921875	0.0
3625.4	1.1859375	0.141796875
3630.1	1.02238769531	0.854809570312
3666.8	1.05461425781	0.61552734375
3667.4	1.41394042969	0.0
3686.8	1.14323730469	0.978881835938
3694.5	1.301953125	1.13840332031
3708.8	1.637109375	1.34465332031
3737.1	0.952294921875	0.0
3746.2	1.21977539062	0.347241210937
3770.2	1.35593261719	1.03205566406
3798.8	1.65	1.23347167969
3806.4	0.746044921875	0.033837890625
3811.7	0.75732421875	0.027392578125
3821.5	1.40427246094	0.82822265625
3833.3	0.446337890625	0.345629882812
3846.2	0.0837890625	0.0
3888.4	1.3728515625	0.181274414062
3888.5	1.08764648438	0.0
3935.6	0.485815429687	0.376245117187
3941.1	1.6951171875	1.5919921875
3977.3	0.694482421875	0.555102539062
3986.1	0.528515625	0.420556640625
3998.9	1.0248046875	0.0
4004.6	1.57829589844	0.0
4042.5	1.66691894531	1.49370117187
4046.7	1.40346679687	0.0
4054.3	0.56396484375	0.46728515625
4083.4	0.65419921875	0.508374023437
4085.4	1.0828125	0.953100585937
4103.3	0.965185546875	0.0
4161.5	1.60166015625	1.28422851562
4179.1	1.67739257812	1.56298828125
4205.3	1.62663574219	0.0
4225.3	1.38090820312	0.027392578125
4249.0	1.52592773437	1.276171875
4282.0	1.04897460937	0.861254882812
4339.3	1.40749511719	1.22299804687
4339.6	0.760546875	0.636474609375
4357.3	1.17626953125	0.0
4383.5	1.55734863281	0.89267578125
4384.4	0.107958984375	0.0
4388.4	1.09892578125	0.0
4400.7	1.51384277344	0.0
4446.5	0.914428710938	0.0
4450.2	1.07717285156	0.0
4469.6	1.34465332031	1.15612792969
4495.1	0.67998046875	0.559936523438
4526.3	0.0	0.0
4553.4	1.6564453125	1.38332519531
4582.6	0.381884765625	0.281176757813
4623.7	0.0	0.0
4632.0	0.110375976562	0.08056640625
4637.1	1.02238769531	0.756518554687
4660.1	1.67416992187	1.43247070312
4679.5	1.25844726562	1.05219726563
4703.4	0.8443359375	0.110375976562
4771.3	0.6380859375	0.526904296875
4796.1	0.900732421875	0.0
4820.0	1.69753417969	1.58393554687
4847.6	0.819360351562	0.703344726562
4870.9	0.874951171875	0.733959960937
4871.7	1.60085449219	1.08200683594
4897.7	0.0	0.0
4916.6	1.17465820312	0.0
4934.7	1.65886230469	1.35915527344
4938.7	1.68706054687	1.57990722656
4940.1	1.37607421875	1.15854492187
4948.0	0.48017578125	0.381884765625
4950.0	0.977270507812	0.362548828125
4959.9	0.2642578125	0.182080078125
5019.8	1.30437011719	1.11906738281
5022.5	0.0	0.0
5030.4	1.64274902344	0.853198242187
5035.9	1.01674804687	0.849975585938
5077.0	0.800830078125	0.0845947265625
5114.3	0.492260742187	0.403637695312
5171.8	0.442309570312	0.349658203125
5194.8	1.50578613281	1.26247558594
5235.7	1.63469238281	0.0193359375
5299.8	1.0248046875	0.812109375
5333.0	1.05300292969	0.0
5335.2	0.50595703125	0.4125
5377.3	1.02963867187	0.0
5409.3	1.20124511719	0.978076171875
5412.6	1.50578613281	0.696899414062
5465.0	0.991772460937	0.84111328125
5469.0	1.36962890625	0.0
5472.1	1.03286132812	0.86689453125
5478.2	0.269897460938	0.0620361328125
5531.1	0.710595703125	0.371411132812
5535.5	1.3857421875	1.05300292969
5605.6	1.10295410156	0.891870117187
5677.7	1.31806640625	0.0136962890625
5724.5	0.96357421875	0.012890625
5757.3	1.1279296875	0.957934570312
5794.1	0.999829101562	0.852392578125
5810.0	0.994995117188	0.85078125
5810.4	1.66691894531	1.49289550781
5811.4	0.0	0.0
5856.7	0.0	0.0
5872.9	1.65483398437	0.967602539062
5931.4	0.97001953125	0.683203125
5938.1	1.04736328125	0.894287109375
6043.8	0.526904296875	0.425390625
6073.9	0.9990234375	0.335961914062
6085.2	1.1279296875	0.97646484375
6086.5	0.7025390625	0.5865234375
6099.2	1.13034667969	0.93779296875
6105.3	0.878173828125	0.713818359375
6122.4	0.98935546875	0.86689453125
6204.1	0.996606445312	0.001611328125
6204.4	1.49772949219	1.26166992187
6309.5	1.34465332031	0.0
6322.0	0.639697265625	0.001611328125
6361.3	0.55751953125	0.453588867187
6372.6	1.35029296875	0.0
6461.1	0.0	0.0
6487.5	0.729125976562	0.0
6490.4	1.05783691406	0.91845703125
6537.1	1.52512207031	0.0
6543.3	1.2181640625	0.0
24.4	0.24814453125	0.19658203125
30.3	0.0008056640625	0.0
39.7	1.147265625	0.0
76.2	1.10053710938	0.0
78.7	1.47678222656	0.0
86.6	0.9474609375	0.0
144.4	0.0	0.0
146.5	0.752490234375	0.626806640625
163.7	0.456005859375	0.371411132812
170.7	1.456640625	1.0505859375
333.0	0.94423828125	0.79921875
355.8	0.5865234375	0.502734375
364.2	1.08120117187	0.93134765625
372.0	0.96357421875	0.455200195312
408.8	0.846752929687	0.675146484375
409.7	1.11906738281	0.875756835937
423.4	1.57104492188	0.0
423.7	1.65241699219	1.2568359375
452.0	0.911206054687	0.762963867187
463.5	0.29970703125	0.230419921875
465.7	1.18352050781	0.992578125
475.7	1.59763183594	0.0
497.1	1.29067382812	0.884619140625
533.8	0.156298828125	0.0
543.1	0.0	0.0
546.4	1.04252929687	0.37705078125
553.8	1.29631347656	0.0
596.5	0.1611328125	0.0
663.6	1.52431640625	1.18110351563
695.6	0.986938476562	0.804052734375
705.3	1.41394042969	1.16740722656
748.2	0.287622070312	0.243310546875
769.5	0.700122070312	0.539794921875
881.5	0.73798828125	0.510791015625
888.3	1.29309082031	0.08701171875
944.4	0.659838867187	0.533349609375
996.7	1.68544921875	1.55815429687
1015.1	1.44697265625	0.758935546875
1048.0	0.535766601562	0.426196289062
1102.7	1.46469726562	0.0
1107.7	0.843530273437	0.711401367187
1139.8	0.588940429687	0.113598632812
1154.4	1.08120117187	0.89912109375
1201.3	0.936181640625	0.75732421875
1210.5	1.62099609375	0.0104736328125
1278.0	0.675146484375	0.42861328125
1287.1	0.842724609375	0.0
1338.4	0.558325195313	0.46083984375
1339.7	0.992578125	0.86044921875
1379.3	1.45744628906	0.0
1399.2	1.04494628906	0.0
1409.9	1.68544921875	1.55895996094
1447.2	1.01110839844	0.0
1468.0	0.674340820312	0.562353515625
1475.7	0.785522460938	0.591357421875
1480.4	0.626806640625	0.432641601562
1489.5	1.02963867187	0.87978515625
1490.3	0.71220703125	0.004833984375
1494.0	1.15532226562	0.08056640625
1502.3	1.48806152344	1.224609375
1513.9	0.993383789062	0.797607421875
1612.1	0.0	0.0
1623.7	1.47517089844	1.31484375
1630.6	1.31806640625	1.11423339844
1635.6	0.504345703125	0.0
1657.9	1.3921875	0.85078125
1701.6	1.64033203125	0.294067382812
1734.1	1.54204101562	1.19399414062
1748.8	0.7154296875	0.0193359375
1761.9	1.20769042969	1.00224609375
1820.3	1.58312988281	0.0
1894.2	1.15854492187	0.972436523437
1930.3	0.920068359375	0.737182617188
1979.8	1.02077636719	0.874145507812
1984.6	1.06428222656	0.0
1990.1	1.04252929687	0.0
2002.1	0.339990234375	0.171606445312
2046.3	1.05139160156	0.90234375
2066.7	0.642919921875	0.537377929687
2097.1	0.35771484375	0.210278320312
2118.3	1.23347167969	0.0
2143.3	1.17224121094	0.146630859375
2145.3	0.378662109375	0.0
2148.5	0.014501953125	0.0
2152.3	0.451171875	0.3287109375
2168.5	1.0763671875	0.86044921875
2172.2	0.51240234375	0.378662109375
2261.9	1.19560546875	1.34948730469
2268.2	0.556713867187	0.426196289062
2284.9	0.5736328125	0.352880859375
2305.7	0.736376953125	0.58974609375
2309.9	0.8443359375	0.663061523437
2313.1	1.67094726562	1.51948242187
2320.1	1.01352539062	0.871728515625
2342.9	1.23911132812	1.03044433594
2355.1	0.159521484375	0.0
2454.1	0.472119140625	0.22880859375
2461.8	1.65080566406	1.33256835937
2470.7	0.837890625	0.0
2484.6	1.00224609375	0.856420898437
2502.7	0.5671875	0.466479492187
2509.3	0.888647460937	0.733959960937
2542.3	0.00322265625	0.0
2558.8	0.126489257813	0.0
2567.4	0.5607421875	0.0
2576.5	0.609887695312	0.50595703125
2594.1	1.1537109375	0.746044921875
2622.8	1.0248046875	0.87333984375
2632.4	1.31242675781	1.16096191406
2652.9	0.646142578125	0.0
2716.5	1.53801269531	0.0
2716.6	1.58796386719	0.0
2724.6	0.33837890625	0.0153076171875
2774.5	0.095068359375	0.0708984375
2789.1	0.468090820312	0.371411132812
2797.8	1.01674804687	0.61875
2845.9	0.210278320312	0.1546875
2870.7	1.69028320312	1.58312988281
2883.8	1.02238769531	0.0
2885.4	1.13518066406	0.0
2924.2	1.134375	0.920068359375
2996.7	1.30678710937	0.0
3011.9	0.0	0.0
3031.8	1.02238769531	0.871728515625
3037.6	0.443115234375	0.275537109375
3127.9	0.326293945312	0.24814453125
3128.8	0.893481445312	0.2384765625
3218.5	1.66611328125	1.52673339844
3228.0	1.15854492187	0.98291015625
3268.3	1.63146972656	0.04833984375
3277.6	1.00546875	0.0
3282.4	0.216723632812	0.17080078125
3380.7	1.09409179687	0.0
3385.0	0.1353515625	0.100708007812
3389.5	0.978076171875	0.838696289062
3428.1	1.34868164062	1.17062988281
3433.0	1.4630859375	0.0
3485.0	0.945849609375	0.784716796875
3512.5	0.459228515625	0.353686523437
3535.5	0.965991210937	0.00322265625
3582.2	1.06428222656	0.221557617188
3598.4	0.410888671875	0.030615234375
3600.6	1.24958496094	0.0
3627.6	0.0	0.0
3637.4	1.06831054688	0.904760742187
3695.9	1.3921875	1.23024902344
3696.7	0.26748046875	0.19013671875
3701.0	0.875756835937	0.05478515625
3748.7	1.13920898437	0.982104492187
3762.4	0.2126953125	0.0072509765625
3783.0	0.0	0.0
3813.2	0.001611328125	0.0
3819.3	1.31645507812	0.0
3821.8	1.63630371094	0.0104736328125
3831.0	1.2439453125	1.00305175781
3858.6	1.40588378906	1.20124511719
3878.3	1.24072265625	0.746044921875
3882.8	1.1150390625	0.941015625
3885.0	1.22058105469	1.07556152344
3909.0	0.159521484375	0.107153320312
3911.3	1.01674804687	0.0
3919.4	0.825805664062	0.668701171875
3983.4	1.26328125	0.810498046875
4018.3	1.50498046875	0.0
4048.2	0.924096679687	0.78955078125
4057.1	0.461645507812	0.339990234375
4106.1	0.193359375	0.146630859375
4150.1	1.38896484375	1.00144042969
4152.8	0.75732421875	0.00322265625
4153.5	1.32370605469	1.17546386719
4161.6	0.98291015625	0.579272460937
4198.9	1.63469238281	0.088623046875
4268.7	1.61696777344	1.09086914062
4275.0	1.64033203125	0.974853515625
4318.9	1.00869140625	0.725903320312
4351.1	1.69189453125	1.59360351562
4354.3	1.04978027344	0.601831054687
4371.7	1.04575195312	0.845947265625
4408.6	0.0	0.0
4413.4	1.01513671875	0.0
4418.8	0.55107421875	0.451171875
4445.5	0.997412109375	0.822583007812
4448.0	0.48984375	0.0
4484.7	0.54140625	0.425390625
4485.7	0.518041992188	0.439892578125
4490.3	0.957934570312	0.774243164062
4512.6	1.61696777344	0.0
4518.4	1.09892578125	0.877368164062
4525.7	0.832250976562	0.420556640625
4546.7	0.968408203125	0.330322265625
4570.2	0.723486328125	0.001611328125
4574.2	1.04736328125	0.887036132812
4574.4	1.2439453125	1.04252929687
4603.7	0.3544921875	0.271508789062
4645.0	0.760546875	0.603442382812
4649.8	1.24233398437	0.0
4668.2	1.10375976562	0.0
4671.7	0.252978515625	0.149853515625
4720.5	1.07958984375	0.928125
4756.4	0.207861328125	0.0
4847.7	1.6435546875	0.871728515625
4878.1	1.03608398438	0.0
4881.4	1.34304199219	0.0
4945.3	1.01433105469	0.0
4948.6	1.65322265625	1.37687988281
4997.4	1.52995605469	1.27133789062
5000.8	0.198193359375	0.140185546875
5019.4	1.65161132812	1.34626464844
5059.9	0.482592773437	0.368994140625
5109.1	0.729931640625	0.0797607421875
5152.1	1.05219726563	0.887841796875
5204.2	1.63872070312	0.133740234375
5213.4	1.21171875	0.0
5238.3	1.11745605469	0.95390625
5239.8	0.982104492187	0.0
5246.2	0.4705078125	0.19658203125
5246.9	1.65	1.26166992187
5285.5	1.27375488281	0.226391601562
5324.4	0.39638671875	0.194970703125
5356.1	1.63146972656	0.04833984375
5377.6	0.915234375	0.785522460938
5382.5	0.568798828125	0.281982421875
5382.8	1.44777832031	0.0
5484.4	1.095703125	0.920068359375
5496.4	0.74765625	0.62841796875
5593.8	0.674340820312	0.26748046875
5597.5	0.355297851562	0.269091796875
5681.6	1.00063476562	0.001611328125
5718.5	0.79599609375	0.5671875
5769.7	0.7412109375	0.613110351562
5780.0	0.95390625	0.814526367187
5798.5	1.64113769531	0.61552734375
5805.3	1.6951171875	1.5919921875
5851.5	0.478564453125	0.0
5858.6	1.37607421875	1.09248046875
5877.8	0.854809570312	0.4060546875
5889.3	1.60407714844	0.0
5931.3	1.55654296875	0.562353515625
5935.4	1.04897460937	0.913623046875
6002.5	1.64436035156	1.29067382812
6023.2	1.01997070313	0.85078125
6102.1	1.0505859375	0.863671875
6112.7	0.7734375	0.630029296875
6136.8	0.964379882812	0.0
6182.5	1.65725097656	0.427001953125
6208.7	0.709790039062	0.582495117188
6273.9	0.0	0.0
6295.7	0.826611328125	0.0
6300.5	0.3544921875	0.28359375
6309.2	1.11745605469	0.965185546875
6360.1	0.40927734375	0.324682617187
6393.9	0.750073242187	0.0
6420.5	1.57426757812	0.0
6474.1	0.983715820312	0.829028320312
6478.0	1.10537109375	0.0
6486.6	0.59296875	0.00966796875
6502.7	1.43891601562	1.20366210937
6542.6	1.66127929687	0.812109375
31.5	1.64838867187	1.15532226562
48.3	0.816943359375	0.624389648438
59.9	0.613916015625	0.501928710938
70.3	1.6564453125	1.27133789062
74.7	1.57507324219	0.0
77.5	1.32934570312	0.0
80.4	1.62502441406	0.0
99.9	1.47194824219	0.0
161.3	1.09006347656	0.695288085937
182.6	0.79599609375	0.659033203125
184.6	1.50498046875	0.0
257.9	0.762158203125	0.623583984375
271.9	0.7025390625	0.556713867187
275.3	0.734765625	0.0
281.2	0.952294921875	0.7412109375
330.3	0.575244140625	0.2513671875
333.2	0.724291992187	0.584912109375
354.1	1.50981445312	1.09086914062
403.5	0.758935546875	0.0
407.3	1.16257324219	0.98935546875
517.1	1.14645996094	1.00466308594
574.8	0.781494140625	0.607470703125
674.0	0.451171875	0.323071289062
674.6	0.98291015625	0.0
682.9	0.2642578125	0.18046875
696.0	0.849975585938	0.704150390625
698.5	1.51948242187	0.0
707.1	1.00788574219	0.0
722.1	1.00949707031	0.859643554687
822.1	0.581689453125	0.365771484375
952.3	0.167578125	0.12890625
955.2	1.21333007813	0.0
967.6	0.813720703125	0.662255859375
978.2	0.20947265625	0.09345703125
989.9	1.15209960938	0.0
1027.1	1.26408691406	0.5994140625
1044.8	0.0	0.0
1114.0	1.24072265625	1.01352539062
1167.7	1.29147949219	1.09892578125
1182.4	0.075732421875	0.0
1189.7	0.688037109375	0.19658203125
1219.0	0.584912109375	0.4705078125
1224.1	1.53720703125	0.0
1258.5	0.889453125	0.0
1357.9	0.6896484375	0.554296875
1392.9	0.435864257812	0.326293945312
1404.4	1.10053710938	0.948266601562
1421.5	1.00063476562	0.0
1437.4	0.854809570312	0.07734375
1441.6	0.524487304687	0.371411132812
1486.6	0.48017578125	0.153076171875
1555.9	0.356103515625	0.276342773437
1589.3	1.12954101562	0.492260742187
1608.4	0.953100585937	0.0515625
1622.9	1.23911132812	0.498706054687
1676.6	1.09489746094	0.0
1685.0	0.717041015625	0.58330078125
1698.1	1.07556152344	0.675952148437
1752.2	0.605859375	0.502734375
1775.7	1.28181152344	0.0
1782.9	0.957934570312	0.774243164062
1796.9	0.949072265625	0.0
1853.9	0.551879882812	0.274731445312
1854.5	0.236865234375	0.197387695312
1871.4	0.0	0.0
1876.9	1.64516601562	0.800024414062
1885.0	0.1224609375	0.0717041015625
1906.4	1.29228515625	1.00144042969
1943.7	1.4888671875	0.0
1980.0	1.02641601562	0.870922851562
2043.7	1.688671875	1.55170898437
2126.1	0.923291015625	0.0362548828125
2195.4	1.6306640625	1.47275390625
2208.1	0.0	0.0
2267.2	1.23508300781	1.07958984375
2307.2	1.0119140625	0.8765625
2321.0	0.771020507812	0.6123046875
2339.3	0.667895507812	0.190942382812
2350.6	1.62099609375	1.36479492187
2379.9	0.478564453125	0.0
2400.2	1.49128417969	0.175634765625
2412.1	1.3470703125	0.0
2433.6	1.64597167969	0.965185546875
2544.5	0.681591796875	0.54462890625
2590.2	0.784716796875	0.659838867187
2601.6	1.03366699219	0.837084960937
2612.6	1.044140625	0.884619140625
2629.5	0.442309570312	0.219946289062
2651.7	0.0	0.92490234375
2709.9	1.0119140625	0.133740234375
2714.0	0.400415039062	0.30615234375
2743.8	0.769409179688	0.64775390625
2764.9	1.64677734375	0.474536132812
2776.0	1.11584472656	0.0
2792.5	1.46630859375	1.07878417969
2872.6	0.981298828125	0.0
2888.4	0.0	0.0
2896.1	1.02883300781	0.86689453125
2916.1	1.13759765625	0.0
2938.4	1.13840332031	0.877368164062
2963.6	0.981298828125	0.0
2966.1	0.297290039063	0.22880859375
2975.8	0.64130859375	0.02255859375
3008.5	1.64677734375	0.439086914062
3055.3	1.05139160156	0.891870117187
3063.7	0.6123046875	0.504345703125
3088.7	1.25200195312	0.607470703125
3091.2	1.33176269531	1.10375976562
3112.0	0.514013671875	0.397998046875
3176.7	1.13115234375	0.935375976562
3181.0	1.05622558594	0.0
3211.8	1.00224609375	0.556713867187
3216.4	1.54284667969	1.11181640625
3307.3	0.779077148437	0.63486328125
3343.5	0.476953125	0.393969726562
3353.4	0.584912109375	0.0
3365.7	0.0	0.00966796875
3369.1	0.559130859375	0.46083984375
3384.6	0.23203125	0.146630859375
3400.2	0.77666015625	0.131323242187
3408.7	1.65805664062	1.45502929687
3414.6	0.927319335937	0.28037109375
3430.2	1.67255859375	1.53720703125
3449.6	0.578466796875	0.452783203125
3558.2	0.0	0.0
3572.5	1.03125	0.884619140625
3578.5	1.02802734375	0.858837890625
3611.0	1.29711914062	1.14243164062
3626.8	0.6703125	0.558325195313
3628.0	0.0	0.0
3640.2	1.58876953125	0.0
3691.9	0.523681640625	0.100708007812
3714.0	1.13920898437	0.0
3729.7	0.0	0.0
3764.0	0.0	0.0
3767.8	0.997412109375	0.0
3794.6	0.5994140625	0.526904296875
3797.9	1.05864257812	0.8701171875
3808.6	1.0828125	0.0
3832.0	1.14001464844	0.0
3894.0	0.754907226562	0.6509765625
3942.8	1.29711914062	1.12067871094
3948.1	0.688037109375	0.580078125
3949.5	1.54445800781	1.32290039062
3984.4	0.2126953125	0.169189453125
4002.3	0.661450195312	0.0
4041.7	0.991772460937	0.0
4046.1	0.546240234375	0.275537109375
4051.9	0.597802734375	0.078955078125
4093.8	0.9990234375	0.794384765625
4136.8	1.39943847656	0.0
4185.3	1.327734375	1.09006347656
4232.1	1.06025390625	0.9087890625
4271.9	1.63146972656	0.124877929688
4317.8	0.642919921875	0.0322265625
4328.6	1.18029785156	0.990966796875
4331.6	0.661450195312	0.520458984375
4424.6	1.08361816406	0.0
4445.0	0.35771484375	0.26103515625
4453.6	0.60908203125	0.42861328125
4474.6	1.02802734375	0.184497070312
4548.1	1.12631835937	0.0
4556.5	1.14484863281	0.95390625
4588.2	0.9861328125	0.861254882812
4623.5	1.173046875	0.06123046875
4648.5	0.9796875	0.0
4670.9	1.08845214844	0.940209960937
4683.4	0.5736328125	0.0
4695.6	1.15854492187	0.842724609375
4733.0	1.3986328125	0.0
4747.4	0.7025390625	0.0
4751.2	1.18916015625	0.932958984375
4808.8	1.04172363281	0.882202148438
4816.0	0.648559570312	0.36416015625
4820.0	1.07314453125	0.936181640625
4823.8	1.03125	0.871728515625
4827.2	1.65	1.19560546875
4849.4	0.184497070312	0.0
4859.0	1.60649414062	0.0
4878.2	1.61857910156	0.0
4884.4	1.2890625	1.095703125
4954.2	0.7927734375	0.65419921875
4963.9	0.930541992188	0.785522460938
4983.9	0.865283203125	0.721875
4986.6	0.671923828125	0.568798828125
4995.1	0.980493164062	0.0
5052.5	1.65805664062	1.45100097656
5066.7	1.57587890625	0.0
5107.2	1.22863769531	0.841918945312
5133.2	1.00466308594	0.0
5133.9	0.858032226562	0.0193359375
5139.7	1.08684082031	0.417333984375
5226.0	1.60729980469	0.981298828125
5253.2	1.17385253906	0.0
5276.9	0.894287109375	0.73798828125
5302.8	1.00627441406	0.8314453125
5367.1	0.925708007812	0.593774414062
5369.9	0.700122070312	0.561547851562
5412.4	0.677563476562	0.535766601562
5461.2	0.84755859375	0.0
5479.4	1.688671875	1.59118652344
5510.5	0.472119140625	0.375439453125
5545.1	0.696899414062	0.2255859375
5556.4	1.64113769531	0.8830078125
5557.0	1.09650878906	0.140185546875
5583.1	1.52270507812	1.353515625
5613.7	1.08603515625	0.898315429688
5615.4	1.0763671875	0.463256835938
5638.3	0.0684814453125	0.0459228515625
5722.7	0.130517578125	0.0942626953125
5744.0	0.729931640625	0.607470703125
5756.8	0.791162109375	0.53818359375
5772.4	0.742822265625	0.327099609375
5809.5	1.08039550781	0.0104736328125
5810.5	1.16499023438	1.35190429687
5879.5	0.9990234375	0.86044921875
5890.2	0.0	0.0
5938.1	0.63486328125	0.0
6025.8	0.936181640625	0.617138671875
6044.2	0.685620117187	0.565576171875
6101.4	1.6048828125	0.0
6105.5	0.404443359375	0.33193359375
6140.2	1.05944824219	0.037060546875
6146.2	1.66450195312	1.51303710937
6191.7	1.36640625	0.0
6201.9	0.733154296875	0.0
6208.3	1.12631835937	0.867700195312
6215.5	0.98291015625	0.0
6224.6	1.3728515625	0.92490234375
6240.1	1.64919433594	1.22783203125
6242.4	1.10053710938	0.0
6264.2	1.63872070312	0.027392578125
6269.9	1.10698242187	0.472924804687
6341.5	1.10939941406	0.952294921875
6341.5	0.0	0.0
6348.9	1.47758789062	0.0
6357.1	1.08603515625	0.910400390625
6446.1	0.939404296875	0.768603515625
6455.2	1.30517578125	0.0
6494.3	0.0	0.0
6508.0	1.32934570312	1.16015625
6531.0	1.65402832031	0.69609375
6547.1	1.05783691406	0.887841796875
12.5	0.86044921875	0.642114257812
35.1	1.32048339844	0.0
35.6	0.18046875	0.13212890625
46.3	0.997412109375	0.0
87.6	0.69609375	0.515625
105.1	0.0	0.0
110.8	0.89267578125	0.734765625
119.8	0.580883789062	0.476953125
218.5	0.685620117187	0.559130859375
252.4	1.68142089844	1.5404296875
260.4	1.24797363281	1.03447265625
273.6	1.63872070312	0.28037109375
274.6	0.604248046875	0.4833984375
282.8	0.300512695312	0.0580078125
283.7	1.27133789062	0.864477539062
284.7	1.1150390625	0.907177734375
347.4	0.872534179687	0.0
357.9	0.704956054688	0.566381835938
368.3	0.0	0.0
395.7	0.90234375	0.0
395.8	0.59619140625	0.4962890625
396.9	1.06831054688	0.0
408.1	0.764575195312	0.0217529296875
419.5	1.61293945312	1.35512695312
422.5	1.63388671875	1.45502929687
436.5	1.51706542969	1.29953613281
448.3	1.03930664062	0.811303710937
451.6	1.17385253906	0.0
509.8	0.9861328125	0.839501953125
510.5	1.0892578125	0.0
541.8	0.86044921875	0.736376953125
542.2	0.800830078125	0.547045898437
627.4	1.66450195312	1.42602539062
649.4	1.02641601562	0.816943359375
653.5	1.66691894531	1.49047851562
654.1	1.63146972656	1.22058105469
759.8	0.5220703125	0.43828125
789.4	1.6435546875	0.5091796875
850.1	1.38896484375	0.31904296875
897.1	1.40588378906	1.09086914062
932.2	0.0	0.0
936.4	1.51545410156	1.23588867187
982.4	0.974047851562	0.0
1011.2	0.81533203125	0.0
1012.0	0.9861328125	0.83466796875
1050.2	1.06750488281	0.804858398437
1067.3	1.54365234375	1.34465332031
1077.6	0.93779296875	0.0
1101.1	1.02963867187	0.890258789062
1157.5	1.15935058594	1.00627441406
1158.2	1.18271484375	0.0
1199.9	1.611328125	0.0
1220.2	0.740405273437	0.623583984375
1226.1	1.018359375	0.0
1278.7	0.807275390625	0.62197265625
1285.9	0.662255859375	0.535766601562
1329.2	0.86689453125	0.7154296875
1360.1	0.978881835938	0.829028320312
1375.4	1.5984375	0.0
1405.0	0.907983398437	0.760546875
1416.7	0.74765625	0.626806640625
1513.6	1.069921875	0.819360351562
1527.4	1.44375	1.22783203125
1528.2	1.28583984375	0.0958740234375
1538.7	1.00869140625	0.858837890625
1539.5	1.2955078125	0.0
1545.6	0.6638671875	0.474536132812
1629.6	0.771020507812	0.0
1661.6	0.982104492187	0.82822265625
1722.6	1.32370605469	0.0
1723.7	0.663061523437	0.0
1741.3	1.15129394531	1.00305175781
1809.5	1.60407714844	1.41232910156
1874.5	1.33176269531	1.10295410156
1920.3	1.13840332031	0.0
1929.9	0.719458007812	0.57685546875
1938.6	1.01030273437	0.0
1988.5	1.66369628906	1.49853515625
2022.3	1.43972167969	1.22622070312
2027.5	1.15451660156	0.0
2046.6	1.0828125	1.10939941406
2054.6	1.46469726562	0.0
2058.6	0.401220703125	0.0
2060.0	0.849975585938	0.69931640625
2072.9	1.13840332031	0.7283203125
2076.5	1.14887695313	0.955517578125
2086.2	0.756518554687	0.0
2130.3	1.64838867187	1.21091308594
2132.7	0.9990234375	0.851586914062
2147.5	0.506762695312	0.400415039062
2205.9	0.243310546875	0.171606445312
2225.6	0.945849609375	0.71220703125
2254.8	0.00322265625	0.0
2334.2	1.10778808594	0.0
2355.1	1.50256347656	0.0
2383.9	0.768603515625	0.63486328125
2393.1	1.46550292969	1.23024902344
2531.7	0.9796875	0.117626953125
2537.4	1.09006347656	0.0
2596.0	1.41555175781	0.0
2641.3	0.2255859375	0.182080078125
2652.4	0.926513671875	0.58330078125
2700.3	1.70236816406	1.51787109375
2712.6	0.893481445312	0.365771484375
2725.8	0.651782226562	0.540600585937
2739.5	0.431030273438	0.35126953125
2753.2	0.521264648437	0.0
2793.5	0.0	0.0
2796.5	1.65402832031	1.44777832031
2817.2	1.66772460938	1.52592773437
2818.7	1.11584472656	0.356909179687
2826.9	0.0	0.0
2834.2	0.662255859375	0.0
2839.3	1.4501953125	0.0
2884.2	1.09892578125	0.613110351562
3000.0	0.854809570312	0.0
3013.7	1.07958984375	0.925708007812
3015.5	0.835473632812	0.011279296875
3018.5	0.017724609375	0.0
3029.3	1.05300292969	0.0
3030.8	0.0	0.0
3042.9	1.46550292969	0.0
3044.4	1.66611328125	1.456640625
3102.7	0.737182617188	0.611499023437
3164.3	1.13518066406	0.967602539062
3173.6	1.05864257812	0.0
3184.7	0.0	0.0
3243.7	0.680786132812	0.419750976562
3247.4	1.25844726562	0.0
3268.2	1.62583007812	0.0
3314.9	0.825	0.0
3377.2	0.259423828125	0.186108398437
3414.6	0.727514648437	0.5671875
3425.7	1.39379882812	1.27778320312
3432.0	1.13840332031	0.810498046875
3433.6	1.63872070312	0.107958984375
3466.4	0.020947265625	0.0
3501.0	1.09973144531	0.0
3540.7	0.893481445312	0.764575195312
3556.8	0.829833984375	0.684814453125
3563.5	1.19077148437	0.0
3598.1	0.781494140625	0.0064453125
3635.4	0.955517578125	0.0
3659.5	0.4318359375	0.321459960937
3695.6	1.40668945312	1.24152832031
3706.5	0.542211914063	0.451171875
3743.5	1.35270996094	1.20124511719
3769.7	1.6435546875	0.913623046875
3862.4	1.49128417969	0.982104492187
3878.8	1.3921875	0.0
3932.9	1.14243164062	0.0
3935.3	0.791967773437	0.67353515625
3992.7	0.7734375	0.001611328125
3994.0	0.98935546875	0.0
3997.0	0.78310546875	0.0
4011.6	0.02578125	0.0
4021.6	1.65161132812	1.36398925781
4075.2	1.19721679688	1.018359375
4077.3	1.08684082031	0.917651367187
4086.5	0.716235351562	0.0
4105.1	0.999829101562	0.837890625
4121.0	1.15209960938	0.98291015625
4134.5	1.30356445312	0.0
4165.0	0.36416015625	0.291650390625
4216.2	1.02158203125	0.0580078125
4249.9	0.672729492188	0.542211914063
4260.9	1.54526367187	0.0
4271.5	0.475341796875	0.40927734375
4284.9	1.28422851562	1.11262207031
4331.4	1.56782226562	1.13759765625
4352.5	0.38349609375	0.229614257812
4359.5	1.31403808594	0.8701171875
4427.2	1.02077636719	0.0
4450.7	1.60085449219	1.38090820312
4460.4	0.6767578125	0.0990966796875
4468.3	1.45341796875	0.0
4476.5	1.00063476562	0.0
4535.7	0.03544921875	0.0
4583.5	0.833056640625	0.506762695312
4589.0	0.837084960937	0.0
4625.9	0.449560546875	0.294067382812
4673.1	0.339184570312	0.27392578125
4711.6	0.474536132812	0.0
4734.9	0.997412109375	0.842724609375
4762.9	0.598608398438	0.48984375
4797.2	0.671923828125	0.56396484375
4813.3	0.734765625	0.0
4828.3	0.89267578125	0.743627929687
4836.9	0.255395507812	0.190942382812
4847.2	0.86044921875	0.46083984375
4906.7	0.982104492187	0.8443359375
4924.7	0.442309570312	0.318237304688
4939.0	1.23669433594	0.0
4946.2	1.044140625	0.0185302734375
4965.3	0.6767578125	0.576049804688
5024.8	0.595385742187	0.0
5043.2	0.420556640625	0.313403320312
5052.6	1.00546875	0.811303710937
5065.4	1.62260742187	0.0
5093.9	1.20607910156	1.04172363281
5102.6	1.37043457031	1.20446777344
5128.8	0.941015625	0.822583007812
5163.0	0.9345703125	0.74443359375
5217.8	1.44938964844	0.20947265625
5225.8	0.0	0.0
5267.8	0.2255859375	0.161938476562
5270.3	1.68706054687	1.58715820312
5306.8	1.0248046875	0.853198242187
5326.2	1.18916015625	0.991772460937
5400.3	1.02722167969	0.859643554687
5401.0	1.05864257812	0.894287109375
5425.8	0.502734375	0.4060546875
5550.4	0.981298828125	0.83466796875
5593.9	1.64274902344	0.822583007812
5607.1	1.52431640625	0.0
5636.2	1.07717285156	0.316625976562
5636.4	1.11665039063	0.926513671875
5641.0	1.24152832031	1.069921875
5764.6	1.13679199219	0.0
5776.6	0.107153320312	0.0
5780.4	1.53559570312	0.0
5780.5	0.708984375	0.5865234375
5799.1	1.67014160156	1.49692382812
5833.8	0.252978515625	0.18369140625
5842.3	0.59619140625	0.479370117188
5846.6	0.4318359375	0.249755859375
5848.6	1.15773925781	1.43005371094
5899.1	1.71606445312	1.61616210937
5920.7	1.07878417969	0.0
5949.1	1.05864257812	0.0
5980.2	1.32048339844	1.0119140625
6071.0	1.64194335937	0.350463867188
6095.8	0.932958984375	0.783911132812
6101.0	1.22541503906	1.04978027344
6144.1	0.745239257812	0.456811523437
6151.3	1.11745605469	0.0
6153.2	0.001611328125	0.0
6164.6	0.439086914062	0.342407226562
6185.6	0.974853515625	0.0
6277.4	1.13276367188	0.0
6308.9	1.01352539062	0.86689453125
6329.9	1.65	0.19013671875
6334.1	1.65483398437	1.02238769531
6342.1	0.945849609375	0.072509765625
6450.6	1.68706054687	1.58474121094
6471.1	0.80888671875	0.6896484375
6491.2	1.134375	0.97001953125
6523.5	1.02561035156	0.0
6536.7	0.925708007812	0.742016601562
3.0	0.0	0.0
11.7	0.771020507812	0.640502929688
13.8	1.29953613281	0.854809570312
32.9	1.29228515625	0.0
107.4	0.635668945312	0.0
121.4	1.00144042969	0.852392578125
142.2	1.26650390625	0.877368164062
148.8	1.07556152344	0.878173828125
170.9	1.67900390625	1.57023925781
173.1	1.65483398437	1.430859375
197.4	1.53801269531	0.0
216.7	0.7734375	0.630029296875
218.7	0.515625	0.263452148437
265.9	0.880590820312	0.74765625
269.4	1.34868164062	0.57041015625
274.5	0.0	0.0
287.3	1.19077148437	1.018359375
304.7	0.606665039063	0.478564453125
327.3	1.29067382812	1.11262207031
329.7	1.08120117187	0.66064453125
331.1	0.98935546875	0.861254882812
348.2	0.476953125	0.02578125
353.9	1.40991210938	0.0
356.4	0.064453125	0.0
400.8	0.891064453125	0.655004882812
474.5	1.03447265625	0.842724609375
482.9	0.7025390625	0.5994140625
520.3	0.6638671875	0.014501953125
537.7	1.51384277344	0.0
540.2	1.35109863281	0.0
542.1	0.767797851562	0.0
565.5	0.19013671875	0.153076171875
644.4	0.40283203125	0.24169921875
703.6	1.069921875	0.915234375
744.5	0.342407226562	0.26103515625
767.9	0.55107421875	0.0
768.1	0.974047851562	0.0
785.8	1.64597167969	0.02900390625
802.5	1.43972167969	1.27778320312
824.8	1.07878417969	0.0
860.7	1.340625	0.0
873.3	0.60263671875	0.4962890625
873.4	0.9990234375	0.839501953125
876.0	0.0	0.0
886.0	1.33256835937	1.12229003906
939.7	0.604248046875	0.4962890625
963.6	0.9796875	0.822583007812
973.4	1.27133789062	0.0
1007.4	0.965185546875	0.829028320312
1014.4	1.43005371094	0.0
1018.9	0.419750976562	0.319848632812
1019.4	0.281176757813	0.237670898438
1026.9	1.11262207031	0.1546875
1030.8	0.91845703125	0.0
1040.1	1.65402832031	1.18432617188
1042.7	0.761352539062	0.510791015625
1075.3	0.56396484375	0.451171875
1080.1	1.42038574219	1.19479980469
1100.5	1.43005371094	0.787133789062
1107.0	1.67336425781	1.36721191406
1135.1	0.906372070312	0.7412109375
1189.4	1.0248046875	0.856420898437
1225.6	0.45439453125	0.274731445312
1231.3	0.749267578125	0.09345703125
1256.7	1.16015625	0.0
1257.6	1.16096191406	0.0
1337.8	0.9732421875	0.839501953125
1349.4	1.00949707031	0.835473632812
1355.2	0.86044921875	0.739599609375
1361.3	0.425390625	0.322265625
1441.8	1.13356933594	0.9216796875
1497.9	0.819360351562	0.51884765625
1497.9	1.36157226562	0.0
1502.7	0.816943359375	0.68642578125
1535.1	1.52592773437	0.0
1535.6	0.994189453125	0.817749023438
1546.9	1.05864257812	0.0
1587.2	1.04494628906	0.8701171875
1595.5	0.737182617188	0.0
1600.9	0.0362548828125	0.01611328125
1615.9	0.882202148438	0.70576171875
1618.6	0.346435546875	0.272314453125
1637.3	0.414916992188	0.349658203125
1653.9	1.20769042969	0.984521484375
1657.1	1.03205566406	0.85078125
1660.4	1.30598144531	1.15048828125
1662.6	0.090234375	0.075732421875
1728.9	1.02722167969	0.870922851562
1759.6	1.12551269531	0.001611328125
1786.5	0.837890625	0.0
1809.9	0.559130859375	0.429418945312
1851.0	0.680786132812	0.538989257812
1851.1	0.193359375	0.143408203125
1891.9	1.6435546875	0.001611328125
1891.9	1.20930175781	0.9861328125
1899.3	0.57685546875	0.0
1918.7	0.0	0.0
1924.1	1.27697753906	1.04091796875
1955.8	0.548657226562	0.0
2059.1	1.2375	1.03930664062
2087.8	0.611499023437	0.494677734375
2109.1	0.642919921875	0.543017578125
2117.7	1.66450195312	1.35593261719
2120.2	1.01513671875	0.866088867188
2154.9	0.0	0.0
2165.8	0.168383789062	0.131323242187
2166.3	0.528515625	0.420556640625
2220.3	1.11262207031	0.9345703125
2236.3	1.23991699219	0.0
2265.8	1.24716796875	0.0
2271.1	0.277954101562	0.21591796875
2302.6	1.56057128906	0.0
2309.3	0.993383789062	0.419750976562
2318.6	1.39057617187	0.0
2322.9	1.62341308594	0.011279296875
2326.7	0.309375	0.2513671875
2331.3	0.9732421875	0.796801757812
2376.1	1.0828125	0.0
2416.1	0.23525390625	0.0
2437.3	1.62905273437	0.0
2441.4	0.0	0.0
2461.3	1.16096191406	0.97001953125
2486.4	1.08522949219	0.9087890625
2536.6	0.476953125	0.0
2538.2	0.716235351562	0.117626953125
2605.0	1.01433105469	0.0
2610.9	1.07072753906	0.9216796875
2612.9	0.64453125	0.0
2622.8	1.71928710937	1.61857910156
2653.2	1.07314453125	0.93134765625
2674.4	0.4833984375	0.0
2713.7	1.00305175781	0.849169921875
2728.9	0.597802734375	0.45439453125
2736.2	1.32209472656	1.13276367188
2753.1	1.20607910156	0.516430664062
2753.6	0.12890625	0.0362548828125
2771.6	0.511596679688	0.430224609375
2775.9	1.32531738281	1.10537109375
2817.0	1.08522949219	0.0
2826.7	1.18916015625	0.997412109375
2858.1	1.04091796875	0.877368164062
2896.6	0.761352539062	0.436669921875
2932.0	0.0064453125	0.0
2944.4	0.423779296875	0.35126953125
2965.2	0.587329101562	0.476953125
2999.4	0.607470703125	0.017724609375
3018.0	0.390747070312	0.314208984375
3039.9	0.990161132812	0.0
3040.5	1.44858398437	0.9990234375
3052.3	1.00869140625	0.0064453125
3072.9	1.0828125	0.82177734375
3202.8	0.0	0.0
3213.4	1.71123046875	1.57185058594
3320.5	0.9732421875	0.809692382812
3330.8	0.553491210937	0.455200195312
3381.7	0.452783203125	0.356103515625
3431.1	1.12551269531	0.08701171875
3432.3	1.48081054687	0.0
3441.5	1.48564453125	0.0
3540.4	0.0	0.0
3616.1	0.04189453125	0.0
3620.8	0.734765625	0.0
3629.2	0.9990234375	0.0
3641.9	1.12954101562	0.0
3688.7	1.36318359375	0.0
3716.7	0.078955078125	0.0
3716.9	0.0	0.0
3774.3	0.733154296875	0.598608398438
3806.2	0.469702148437	0.247338867187
3825.2	1.044140625	0.889453125
3832.9	1.611328125	0.0
3837.1	1.31564941406	0.0
3906.6	1.02802734375	0.8765625
3939.5	0.101513671875	0.0
3967.2	0.548657226562	0.374633789062
3974.8	0.85078125	0.71220703125
3991.6	1.43569335937	0.0
4022.3	0.861254882812	0.0
4065.1	0.393969726562	0.3029296875
4129.1	1.50014648437	1.2052734375
4132.5	1.50498046875	0.0
4137.0	1.405078125	0.06123046875
4156.6	1.15532226562	0.999829101562
4204.5	1.0892578125	0.929736328125
4212.2	0.38994140625	0.0
4223.7	1.43569335937	0.0
4242.4	1.62421875	1.32531738281
4256.8	1.20043945312	0.9796875
4263.5	0.555102539062	0.445532226562
4288.4	1.01271972656	0.0539794921875
4303.6	0.397192382812	0.2513671875
4308.3	1.65080566406	0.0201416015625
4393.9	1.27294921875	0.422973632812
4401.9	1.33498535156	0.7541015625
4411.9	1.1021484375	0.0
4429.7	1.40588378906	0.0
4445.1	1.51867675781	0.4962890625
4544.1	1.25925292969	1.05783691406
4560.8	0.0926513671875	0.06123046875
4570.2	1.09409179687	0.94423828125
4628.6	1.64194335937	0.011279296875
4644.5	0.020947265625	0.0
4668.0	1.04897460937	0.895092773437
4705.7	0.92490234375	0.735571289062
4708.0	0.870922851562	0.538989257812
4749.4	1.00708007812	0.024169921875
4756.8	0.323876953125	0.0
4759.9	0.6123046875	0.08701171875
4780.9	0.0	0.0
4814.4	1.33659667969	0.0
4826.4	1.60649414062	0.0
4895.6	1.57185058594	0.0
4899.4	1.02158203125	0.868505859375
4908.2	1.64436035156	1.11262207031
4915.9	0.0	0.0
4931.9	1.03205566406	0.0
4939.2	1.38654785156	1.12551269531
4964.5	1.2310546875	0.85078125
4986.8	1.20043945312	1.0248046875
5059.4	1.0505859375	0.898315429688
5087.1	0.0	0.0
5103.8	1.20205078125	0.64130859375
5129.3	0.933764648437	0.786328125
5161.9	1.20205078125	0.014501953125
5177.1	0.697705078125	0.578466796875
5193.6	1.26730957031	1.03205566406
5226.5	0.526904296875	0.0
5238.6	1.14243164062	0.996606445312
5257.6	1.40749511719	0.0
5260.6	0.6703125	0.528515625
5273.8	0.284399414062	0.181274414062
5299.9	1.02963867187	0.86689453125
5315.6	0.891064453125	0.758935546875
5337.6	0.59296875	0.310986328125
5344.6	1.09892578125	0.940209960937
5372.1	1.30759277344	1.11987304688
5372.7	0.864477539062	0.0
5382.5	0.2578125	0.0733154296875
5473.2	0.708984375	0.580883789062
5526.4	0.9732421875	0.0
5539.0	1.3341796875	0.992578125
5540.6	1.52995605469	1.33740234375
5584.3	1.45100097656	1.30437011719
5603.3	1.10053710938	0.0
5614.0	0.949072265625	0.8056640625
5678.5	1.27778320312	1.09167480469
5694.9	1.26650390625	1.04575195312
5718.8	0.0	0.0
5780.8	1.34626464844	0.0
5827.1	0.0	0.0
5847.5	1.57829589844	0.0
5855.3	1.67658691406	1.55895996094
5872.7	1.10859375	0.519653320312
5933.6	1.24152832031	0.0
5944.5	0.827416992187	0.677563476562
5955.7	0.9216796875	0.768603515625
5964.6	0.001611328125	0.0
5985.7	1.30920410156	1.15532226562
5998.2	1.19157714844	0.97646484375
6010.6	1.50900878906	1.35109863281
6034.1	1.22783203125	0.0
6050.1	1.06428222656	0.8701171875
6053.4	0.93134765625	0.790356445312
6132.6	1.08684082031	0.928930664062
6191.8	0.193359375	0.1095703125
6204.9	0.146630859375	0.090234375
6214.6	0.771826171875	0.0
6235.0	0.34482421875	0.0
6261.6	1.30034179687	0.234448242187
6282.8	1.3857421875	0.0
6284.4	1.13195800781	0.0
6285.4	0.012890625	0.0
6294.6	1.28503417969	0.96357421875
6296.9	0.451171875	0.2900390625
6313.9	0.649365234375	0.0
6350.4	1.06428222656	0.909594726562
6356.7	1.340625	1.11101074219
6362.0	1.01271972656	0.853198242187
6365.4	1.19560546875	0.655810546875
6412.7	0.665478515625	0.567993164062
6459.6	1.29711914062	0.0
6482.1	1.06105957031	0.80888671875
6519.9	0.693676757812	0.0
6539.1	0.352075195312	0.0837890625
31.0	1.64758300781	0.633251953125
50.2	1.51223144531	0.39638671875
56.8	1.63872070312	0.0
79.2	1.18754882812	1.01916503906
94.1	0.0064453125	0.0
120.3	0.0	0.0
122.1	0.0	0.0717041015625
164.4	1.08684082031	0.81533203125
167.9	0.0459228515625	0.0
196.5	1.62985839844	1.379296875
225.0	0.92490234375	0.0
256.6	1.09086914062	0.922485351562
311.3	0.413305664062	0.3287109375
312.2	0.704150390625	0.59296875
318.3	1.34948730469	0.0
318.9	1.44697265625	1.198828125
354.7	0.443920898437	0.01611328125
391.0	0.865283203125	0.717041015625
434.0	1.07395019531	0.0
481.9	1.62099609375	0.0
547.2	0.668701171875	0.04833984375
604.5	1.10375976562	0.94423828125
613.0	1.17626953125	0.605859375
634.0	0.425390625	0.3544921875
663.3	0.897509765625	0.0
677.0	0.930541992188	0.768603515625
704.9	1.4373046875	0.365771484375
711.1	0.787939453125	0.659838867187
715.7	0.982104492187	0.808081054687
716.9	1.08684082031	0.943432617187
720.1	0.51240234375	0.417333984375
721.5	1.36962890625	1.14565429687
737.6	1.44375	1.23024902344
757.3	1.31403808594	0.836279296875
764.2	1.07475585937	0.8314453125
796.5	0.01611328125	0.0
819.8	0.0104736328125	0.0
836.3	0.721875	0.5994140625
862.1	1.37768554688	0.99580078125
888.6	1.6048828125	0.0
926.0	0.67353515625	0.567993164062
928.9	1.50336914062	0.393969726562
990.9	1.23588867187	0.0
994.1	1.66611328125	1.51223144531
994.6	0.327099609375	0.26748046875
998.0	0.621166992187	0.500317382812
1009.1	1.01674804687	0.0
1060.8	1.02319335938	0.791162109375
1084.7	1.00546875	0.572021484375
1101.1	1.01433105469	0.849169921875
1108.3	1.35673828125	0.0
1131.9	1.69995117188	1.56057128906
1153.8	1.55654296875	0.0
1159.3	0.352880859375	0.21591796875
1176.8	1.03447265625	0.0
1197.6	1.37607421875	0.0
1229.6	1.13840332031	0.0
1241.3	0.953100585937	0.158715820312
1272.0	0.978076171875	0.814526367187
1310.6	1.58393554687	1.26328125
1315.5	0.343212890625	0.0
1348.0	1.22944335938	1.09086914062
1349.7	1.36479492187	0.04833984375
1359.8	0.0	0.0
1361.9	0.967602539062	0.808081054687
1373.5	1.10537109375	0.949877929687
1396.5	1.19077148437	0.929736328125
1426.3	0.597802734375	0.4833984375
1429.8	0.775854492187	0.642114257812
1465.7	0.90234375	0.552685546875
1517.2	1.02238769531	0.868505859375
1583.1	0.448754882812	0.288427734375
1723.0	1.07233886719	0.037060546875
1747.7	1.09328613281	0.924096679687
1763.0	0.526098632813	0.430224609375
1763.0	1.71364746094	1.61455078125
1772.8	1.56379394531	0.0
1790.3	1.2375	0.0
1795.4	1.0376953125	0.639697265625
1828.1	1.01513671875	0.874145507812
1846.4	0.488232421875	0.399609375
1858.3	1.6693359375	1.38251953125
1907.3	0.69609375	0.03544921875
1936.8	1.65402832031	1.26811523437
1953.3	0.903955078125	0.767797851562
1987.6	1.29228515625	0.0
2040.2	1.0763671875	0.916845703125
2131.4	0.3416015625	0.271508789062
2165.2	0.93134765625	0.0
2202.8	0.399609375	0.31904296875
2210.9	0.414111328125	0.24814453125
2211.5	1.26328125	0.0
2282.1	1.61857910156	0.0
2291.7	1.67175292969	1.51706542969
2301.2	0.810498046875	0.661450195312
2335.4	1.15773925781	0.894287109375
2337.6	0.298095703125	0.240893554687
2350.5	0.590551757813	0.44150390625
2373.4	1.26408691406	1.10698242187
2391.1	0.542211914063	0.0
2392.7	0.9990234375	0.593774414062
2423.1	1.02883300781	0.889453125
2423.3	1.19560546875	1.01916503906
2520.1	1.62663574219	1.31242675781
2533.6	0.61875	0.020947265625
2552.1	1.09812011719	0.8958984375
2598.6	1.0119140625	0.8443359375
2610.0	1.51787109375	0.0
2621.2	1.23024902344	0.0
2660.6	1.02399902344	0.890258789062
2681.7	1.04736328125	0.900732421875
2686.8	0.0	0.0
2750.8	0.833056640625	0.665478515625
2764.0	1.56137695312	0.0
2783.1	0.675146484375	0.0
2814.7	0.972436523437	0.829028320312
2823.5	1.456640625	1.17224121094
2868.4	0.787133789062	0.652587890625
2870.3	1.16982421875	0.775854492187
2885.9	1.10537109375	0.970825195312
2897.3	1.0248046875	0.858837890625
2900.2	0.510791015625	0.0
2911.1	0.310986328125	0.23203125
2945.7	0.694482421875	0.578466796875
2947.5	1.62421875	1.08522949219
2952.5	1.08522949219	0.946655273438
2980.3	1.72250976562	1.61857910156
2987.9	0.804052734375	0.610693359375
2997.1	1.3857421875	0.0475341796875
2997.3	0.767797851562	0.0
3006.3	0.555908203125	0.433447265625
3013.0	1.11101074219	0.066064453125
3023.0	1.04655761719	0.813720703125
3056.7	1.44858398437	1.22058105469
3059.6	1.68464355469	1.56459960937
3149.0	0.66708984375	0.546240234375
3153.5	0.787939453125	0.640502929688
3158.2	1.06750488281	0.91201171875
3165.7	1.16015625	0.0515625
3166.3	0.787939453125	0.627612304687
3180.0	0.82822265625	0.0
3252.6	0.603442382812	0.0
3297.3	1.45825195312	0.0
3326.4	1.23830566406	0.0
3426.2	1.31000976562	1.14243164062
3486.8	1.38010253906	0.0
3519.6	1.62744140625	0.216723632812
3528.3	1.19721679688	0.89267578125
3531.6	1.48161621094	1.18110351563
3554.1	0.11923828125	0.07734375
3592.4	0.42861328125	0.223974609375
3608.2	0.920068359375	0.0
3638.6	0.66708984375	0.56396484375
3661.0	0.661450195312	0.0
3665.4	1.23669433594	0.0
3669.7	1.53881835938	1.22702636719
3681.8	1.65322265625	1.20849609375
3688.6	1.28503417969	1.11665039063
3695.9	0.986938476562	0.838696289062
3696.3	0.985327148437	0.0
3711.8	1.62019042969	1.24555664062
3722.1	0.189331054688	0.13857421875
3732.9	0.037060546875	0.0
3800.7	1.23266601562	0.0
3801.2	0.408471679687	0.06123046875
3824.1	0.990161132812	0.849169921875
3840.0	1.37526855469	1.21252441406
3914.9	1.14887695313	0.059619140625
3935.1	0.0	0.0
3962.9	0.60908203125	0.477758789062
3975.0	0.5091796875	0.0
3991.6	1.20930175781	0.939404296875
3997.8	1.64033203125	1.38735351562
4020.3	0.0	0.0
4027.1	0.977270507812	0.837890625
4040.0	0.511596679688	0.379467773437
4056.9	1.27456054687	1.10456542969
4084.7	0.11923828125	0.088623046875
4134.4	1.07797851562	0.0
4148.5	1.66611328125	1.13276367188
4156.5	0.559936523438	0.472924804687
4157.5	0.0	0.200610351562
4161.9	1.49450683594	0.0
4235.6	1.52109375	1.22783203125
4282.7	1.43811035156	0.927319335937
4288.0	0.434252929687	0.353686523437
4306.7	1.5275390625	0.0
4309.4	0.401220703125	0.3287109375
4312.7	0.626000976562	0.140185546875
4324.3	0.54462890625	0.371411132812
4358.7	1.05703125	0.0
4367.8	1.51625976562	0.0
4373.8	0.745239257812	0.0265869140625
4376.1	1.01271972656	0.0
4377.3	1.6693359375	1.52270507812
4381.7	0.381884765625	0.309375
4382.3	1.62583007812	0.0
4406.2	1.0505859375	0.909594726562
4568.4	0.02255859375	0.0
4590.4	1.40266113281	0.760546875
4595.9	1.38977050781	1.22863769531
4602.0	0.0	0.0
4656.4	0.780688476562	0.650170898437
4660.4	0.55751953125	0.456005859375
4662.7	0.868505859375	0.750073242187
4695.0	0.1611328125	0.0
4697.7	1.01594238281	0.8701171875
4723.3	1.59682617187	0.0
4768.9	0.806469726562	0.0193359375
4774.8	0.5607421875	0.18369140625
4775.5	0.6251953125	0.0217529296875
4814.9	1.02641601562	0.0
4840.8	1.44375	0.0
4843.7	0.966796875	0.0
4857.4	0.91201171875	0.59619140625
4864.0	0.1482421875	0.116015625
4887.8	0.91201171875	0.766186523437
4900.0	0.5349609375	0.42861328125
4997.8	0.3931640625	0.309375
5020.2	1.65966796875	1.35915527344
5075.5	0.605859375	0.0
5105.9	0.898315429688	0.683203125
5154.3	1.60568847656	0.0
5245.5	1.61293945312	0.358520507812
5263.5	1.47517089844	0.0
5270.5	1.06831054688	0.756518554687
5272.9	1.65161132812	1.39299316406
5289.2	0.684814453125	0.0056396484375
5299.8	1.68061523437	1.54929199219
5340.5	0.448754882812	0.281176757813
5608.3	0.0394775390625	0.0
5617.5	0.969213867187	0.79921875
5622.2	1.00144042969	0.7927734375
5624.6	1.01030273437	0.861254882812
5654.2	1.69672851562	1.59440917969
5661.9	1.65966796875	1.11342773437
5671.3	0.0	0.0
5701.3	1.24716796875	0.0
5703.3	0.984521484375	0.80888671875
5871.8	0.388330078125	0.310986328125
5881.7	1.06105957031	0.914428710938
5914.5	1.66047363281	0.0201416015625
5919.0	0.46728515625	0.358520507812
5943.0	1.41555175781	0.00322265625
5992.6	1.02319335938	0.87333984375
6019.0	0.696899414062	0.0
6037.2	0.320654296875	0.0
6064.4	1.64194335937	0.0
6068.2	0.95390625	0.769409179688
6070.1	0.462451171875	0.37705078125
6100.9	1.68947753906	1.59118652344
6110.9	0.500317382812	0.33193359375
6202.6	0.772631835937	0.61875
6290.5	1.16499023438	0.816137695312
6294.6	1.59440917969	0.0
6295.8	1.29228515625	0.0
6296.2	1.4759765625	0.0
6323.7	1.69592285156	1.59763183594
6354.2	1.50659179688	0.0
6432.6	1.21413574219	1.0248046875
6461.7	0.270703125	0.21591796875
6473.2	1.5533203125	0.917651367187
6508.0	0.60908203125	0.0265869140625
6533.3	0.678369140625	0.554296875
6553.0	1.66772460938	1.43327636719
7.9	1.03125	0.727514648437
15.8	1.05622558594	0.144213867187
21.0	1.07395019531	0.0
103.4	0.836279296875	0.69287109375
197.3	1.28503417969	0.391552734375
248.8	0.971630859375	0.0
258.3	0.0	0.0
263.5	1.57990722656	0.0
269.3	0.3931640625	0.323071289062
348.4	0.356103515625	0.286010742188
396.6	0.0	1.14243164062
407.0	1.07475585937	0.0
416.7	0.978076171875	0.0
417.2	0.085400390625	0.0
455.5	1.19399414062	0.945849609375
488.8	1.63227539062	0.0
522.6	0.841918945312	0.68642578125
530.8	1.09973144531	0.02578125
555.3	0.0	0.0
627.8	0.941015625	0.800830078125
633.3	0.716235351562	0.0
638.3	1.18352050781	0.0
651.5	0.62197265625	0.4576171875
668.8	1.3728515625	0.0
715.3	1.02238769531	0.0
748.1	0.69287109375	0.584912109375
750.3	1.54445800781	0.79921875
753.5	1.65483398437	1.42521972656
756.0	1.65	1.38815917969
798.0	1.13034667969	0.9087890625
798.1	1.63146972656	0.8958984375
824.1	1.38010253906	0.0
840.9	1.67819824219	1.52189941406
874.9	0.872534179687	0.751684570312
886.2	0.940209960937	0.812109375
922.2	0.43828125	0.346435546875
932.3	1.15854492187	0.964379882812
979.4	1.60729980469	0.0
982.1	1.66691894531	1.2181640625
995.2	0.796801757812	0.342407226562
1001.4	0.794384765625	0.6638671875
1018.4	0.098291015625	0.07412109375
1021.8	0.069287109375	0.0040283203125
1081.6	0.501123046875	0.3029296875
1103.7	0.711401367187	0.0
1111.3	0.275537109375	0.201416015625
1129.6	1.09489746094	0.909594726562
1135.7	0.61875	0.0
1184.6	1.0634765625	0.910400390625
1202.8	0.375439453125	0.282788085937
1224.2	1.14243164062	0.04189453125
1238.3	1.27697753906	1.3341796875
1263.8	0.955517578125	0.4447265625
1290.3	0.605053710937	0.45439453125
1377.3	0.807275390625	0.684008789062
1466.9	0.30615234375	0.213500976562
1486.8	0.28359375	0.230419921875
1498.7	0.492260742187	0.390747070312
1520.1	1.31323242188	1.08442382813
1538.6	0.0	0.0
1554.2	0.277954101562	0.1869140625
1615.1	0.837890625	0.204638671875
1628.9	1.59279785156	0.19658203125
1641.4	0.19013671875	0.111181640625
1645.3	0.568798828125	0.465673828125
1689.1	1.07717285156	0.0
1755.3	1.68061523437	1.5146484375
1765.3	0.965185546875	0.0064453125
1823.9	0.613110351562	0.497094726562
1917.0	0.722680664062	0.58330078125
1917.2	1.51706542969	0.0
1950.9	1.12229003906	0.0
1957.6	0.920068359375	0.786328125
1964.7	1.44455566406	1.19399414062
2022.7	0.546240234375	0.323071289062
2027.2	0.771826171875	0.650170898437
2056.2	0.895092773437	0.762158203125
2069.7	0.95068359375	0.713818359375
2098.9	0.608276367188	0.48662109375
2116.7	1.03850097656	0.8572265625
2138.8	1.43569335937	1.26489257812
2145.4	1.28020019531	0.0
2155.0	0.430224609375	0.318237304688
2168.9	1.25280761719	0.86689453125
2176.9	1.07717285156	0.0
2180.4	1.17546386719	0.3802734375
2189.1	1.37687988281	0.0
2236.4	0.67353515625	0.562353515625
2254.7	1.00224609375	0.7927734375
2276.5	0.729931640625	0.443920898437
2314.8	1.22541503906	0.930541992188
2373.1	0.0	0.0
2382.7	1.04978027344	0.0
2385.1	0.167578125	0.13212890625
2399.4	0.6767578125	0.0
2404.2	0.592163085938	0.4060546875
2500.3	1.19077148437	0.0
2516.7	1.27133789062	1.08361816406
2516.7	1.03930664062	0.8958984375
2519.5	1.03447265625	0.845141601562
2538.1	1.31162109375	0.0
2566.3	0.0	0.0
2601.4	1.33095703125	1.04736328125
2602.7	0.877368164062	0.460034179687
2604.1	1.34384765625	0.219140625
2613.9	0.32548828125	0.25458984375
2634.2	0.859643554687	0.719458007812
2638.9	0.0	0.0
2654.7	1.42844238281	1.2697265625
2745.8	1.59763183594	0.0
2787.8	0.304541015625	0.2126953125
2801.6	1.02802734375	0.01611328125
2809.5	0.942626953125	0.547045898437
2831.5	1.00305175781	0.84111328125
2836.1	1.67255859375	1.39138183594
2840.5	1.64838867187	1.224609375
2884.8	0.93779296875	0.0
3015.8	1.56298828125	0.0
3017.9	0.671923828125	0.0
3050.8	1.06669921875	0.719458007812
3053.1	1.6306640625	1.43649902344
3117.5	1.57668457031	0.0
3164.9	0.5478515625	0.452783203125
3168.7	1.63469238281	0.12890625
3178.5	1.66208496094	1.42038574219
3178.5	0.900732421875	0.0
3178.5	0.0	0.0
3195.0	0.44150390625	0.298095703125
3201.2	1.07878417969	0.914428710938
3205.9	0.574438476563	0.0
3228.1	0.0	0.0
3240.6	1.09812011719	0.942626953125
3244.4	0.771020507812	0.620361328125
3286.6	0.54140625	0.185302734375
3287.2	0.681591796875	0.0
3328.5	1.02238769531	0.0
3332.8	1.13276367188	0.983715820312
3334.3	0.539794921875	0.447143554688
3340.6	1.4630859375	0.107153320312
3375.7	1.018359375	0.874951171875
3390.2	0.83466796875	0.0
3474.3	1.03447265625	0.645336914062
3477.9	1.04736328125	0.8830078125
3480.7	1.06186523437	0.898315429688
3488.3	1.57185058594	0.0
3552.7	1.25361328125	0.0
3557.3	0.84111328125	0.685620117187
3564.7	1.35834960937	0.9732421875
3582.8	1.08361816406	0.0
3640.9	1.05139160156	0.8701171875
3641.9	1.05703125	1.25522460937
3652.4	0.5478515625	0.403637695312
3666.8	1.6435546875	1.18271484375
3688.4	0.48662109375	0.4125
3724.8	1.05541992188	0.907983398437
3728.3	0.806469726562	0.0620361328125
3791.5	0.98935546875	0.762158203125
3800.6	0.2513671875	0.040283203125
3818.3	1.134375	0.959545898437
3902.5	0.46728515625	0.0942626953125
3957.6	1.10537109375	0.954711914062
3963.3	1.04736328125	0.903149414062
3972.2	1.47033691406	1.20769042969
3986.7	0.37705078125	0.255395507812
4060.9	0.272314453125	0.185302734375
4070.1	1.70236816406	1.60246582031
4157.8	0.0	0.0
4167.4	1.25764160156	1.0634765625
4191.2	0.880590820312	0.719458007812
4221.5	1.60891113281	0.0
4257.2	1.05380859375	0.638891601562
4273.2	1.00063476562	0.0
4324.6	0.502734375	0.405249023437
4334.2	0.677563476562	0.5478515625
4340.3	1.28100585938	1.10456542969
4361.5	0.69609375	0.580078125
4380.1	0.8958984375	0.0
4398.7	0.920068359375	0.7734375
4415.1	1.20285644531	1.02802734375
4438.5	0.539794921875	0.44150390625
4457.1	1.19721679688	1.00305175781
4520.6	1.4630859375	0.0
4530.5	1.34787597656	0.0
4543.9	0.904760742187	0.772631835937
4604.0	0.2771484375	0.223974609375
4712.4	0.0	0.0
4732.9	0.0	0.0
4738.6	0.825805664062	0.0
4773.2	0.70576171875	0.0700927734375
4788.7	0.546240234375	0.459228515625
4832.9	0.994189453125	0.866088867188
4861.9	1.37607421875	1.21655273438
4952.6	0.901538085937	0.012890625
4962.1	1.36801757812	0.0
5004.6	0.5994140625	0.408471679687
5064.5	1.00627441406	0.864477539062
5115.9	1.02561035156	0.817749023438
5153.4	1.36560058594	0.0
5154.1	0.555102539062	0.001611328125
5158.1	1.02158203125	0.865283203125
5227.6	1.3921875	1.21494140625
5240.7	1.67014160156	1.07958984375
5308.7	1.44697265625	0.0
5319.5	1.00305175781	0.2384765625
5387.1	0.753295898438	0.23203125
5440.8	0.904760742187	0.0
5453.8	1.4115234375	0.97001953125
5473.7	1.46550292969	0.0
5497.1	1.662890625	1.21010742187
5522.7	0.6703125	0.033837890625
5536.6	1.62583007812	0.0
5539.9	1.173046875	1.01674804687
5551.2	0.833862304688	0.687231445312
5574.2	1.00708007812	0.0
5603.9	1.12551269531	0.974047851562
5604.7	1.63388671875	0.0
5607.5	0.0	0.0
5625.9	0.94423828125	0.0
5626.1	0.987744140625	0.0
5677.0	1.64677734375	1.01030273437
5680.1	1.17868652344	0.0
5694.1	1.01755371094	0.833862304688
5707.8	0.503540039062	0.0
5751.7	0.997412109375	0.0
5822.1	0.252978515625	0.167578125
5863.8	0.894287109375	0.09345703125
5864.5	0.891064453125	0.0
5893.3	0.862060546875	0.738793945312
5985.9	1.38010253906	0.0
6034.9	1.069921875	0.920874023437
6045.2	0.83466796875	0.69931640625
6098.3	1.00063476562	0.549462890625
6115.6	0.7154296875	0.594580078125
6127.8	0.8701171875	0.09990234375
6132.3	1.55251464844	1.31242675781
6154.3	0.397998046875	0.0
6155.4	1.08603515625	0.326293945312
6162.2	0.882202148438	0.73798828125
6164.2	0.8572265625	0.226391601562
6256.9	1.04252929687	0.884619140625
6261.9	0.130517578125	0.0
6264.0	0.878979492187	0.713818359375
6285.0	1.3857421875	0.751684570312
6292.9	0.848364257812	0.439086914062
6299.0	1.51867675781	0.0
6343.0	0.984521484375	0.774243164062
6391.6	0.867700195312	0.72509765625
6403.7	0.858032226562	0.713012695312
6434.9	0.211083984375	0.165161132812
6463.5	0.885424804687	0.186108398437
6493.1	1.12067871094	0.966796875
6542.5	0.882202148438	0.71220703125
22.1	1.09167480469	0.92490234375
34.6	0.8056640625	0.683203125
45.6	1.06428222656	0.904760742187
141.8	0.543017578125	0.404443359375
186.1	1.59682617187	0.0
196.9	0.952294921875	0.0
204.9	1.11584472656	0.8765625
209.6	0.771826171875	0.361743164062
224.7	1.66127929687	1.3212890625
231.6	0.811303710937	0.675146484375
244.5	1.05864257812	0.899926757812
252.2	0.881396484375	0.0
265.9	0.945043945312	0.004833984375
272.9	0.994995117188	0.838696289062
278.0	0.0733154296875	0.0
281.6	0.339184570312	0.0
302.3	1.07233886719	0.622778320312
322.2	1.06186523437	0.90556640625
344.7	0.655004882812	0.532543945312
398.2	0.442309570312	0.355297851562
422.0	1.46791992187	1.1923828125
451.6	0.66064453125	0.502734375
468.1	0.966796875	0.781494140625
479.1	0.66708984375	0.511596679688
495.4	0.613110351562	0.475341796875
507.0	1.12390136719	0.945849609375
516.3	0.375439453125	0.292456054687
579.0	0.813720703125	0.668701171875
601.4	0.840307617187	0.0926513671875
646.2	1.018359375	0.623583984375
651.8	0.416528320312	0.3158203125
692.0	0.48662109375	0.391552734375
699.0	1.63469238281	0.0056396484375
700.4	1.34304199219	0.928125
757.7	0.916040039062	0.0
762.5	1.173046875	1.03447265625
768.2	1.33256835937	0.0
831.7	1.39460449219	0.0
831.9	0.4189453125	0.126489257813
836.9	0.255395507812	0.0
838.3	0.871728515625	0.71865234375
847.4	0.2900390625	0.233642578125
913.8	0.719458007812	0.581689453125
981.0	1.36237792969	0.00322265625
1002.2	1.10375976562	0.94423828125
1012.2	1.44858398437	0.0
1048.6	1.31000976562	0.0
1063.1	1.19479980469	0.155493164062
1064.6	1.58393554687	0.0
1145.8	1.68303222656	1.58071289062
1148.3	0.804052734375	0.0
1151.4	1.11665039063	0.957934570312
1162.3	0.887036132812	0.0
1194.8	1.48483886719	1.30437011719
1214.4	0.5220703125	0.064453125
1239.9	1.3083984375	0.0
1243.7	1.06105957031	0.894287109375
1253.2	1.64516601562	0.384301757812
1280.5	0.012890625	0.0
1298.6	1.662890625	1.52351074219
1365.6	0.162744140625	0.124072265625
1423.1	1.05783691406	0.8056640625
1476.9	0.535766601562	0.0
1508.0	1.0892578125	0.909594726562
1516.4	0.5994140625	0.0
1518.2	1.40024414062	1.224609375
1542.4	0.671118164062	0.56396484375
1545.4	0.84755859375	0.646948242187
1593.5	0.69287109375	0.559130859375
1663.0	0.704150390625	0.59296875
1668.9	1.67014160156	1.52270507812
1684.2	1.68061523437	1.53076171875
1764.8	1.0634765625	0.90556640625
1769.9	0.001611328125	0.0
1775.5	1.18352050781	1.03688964844
1792.7	1.11665039063	0.966796875
1794.9	0.59296875	0.478564453125
1872.6	0.240087890625	0.18046875
1886.6	0.0	0.0
1905.9	0.9474609375	0.0
1921.9	1.24233398437	1.01916503906
1932.5	0.919262695312	0.0
1976.1	0.605859375	0.514013671875
2047.5	1.31645507812	0.0
2059.8	1.02077636719	0.863671875
2087.3	0.21591796875	0.173217773438
2087.4	0.0	0.0
2112.7	0.368994140625	0.29970703125
2146.3	0.871728515625	0.0
2162.2	1.24475097656	1.08603515625
2201.6	0.981298828125	0.0
2277.5	0.852392578125	0.677563476562
2305.8	1.35109863281	0.0
2321.2	1.00869140625	0.852392578125
2333.1	1.02641601562	0.758935546875
2351.5	1.42844238281	0.0
2357.1	1.07878417969	0.471313476562
2372.4	1.6177734375	0.0
2410.3	0.923291015625	0.782299804687
2413.7	0.707373046875	0.594580078125
2424.1	1.11342773437	0.0281982421875
2447.2	0.12890625	0.100708007812
2486.3	1.14887695313	0.972436523437
2510.1	1.48725585937	1.21252441406
2597.0	0.9216796875	0.0
2680.7	1.56459960937	0.0
2703.6	0.62197265625	0.535766601562
2782.8	0.91201171875	0.0
2787.2	1.02319335938	0.826611328125
2793.9	1.20849609375	1.04978027344
2823.3	1.61293945312	1.14887695313
2848.7	0.99580078125	0.784716796875
2860.1	1.02238769531	0.0040283203125
2936.7	1.45502929687	0.0
2937.4	1.16579589844	0.96357421875
2948.1	0.262646484375	0.1611328125
2973.5	0.12890625	0.0
2988.1	1.2375	1.0248046875
3036.0	1.07958984375	0.0
3126.2	1.11745605469	0.955517578125
3129.1	1.33176269531	0.0
3178.5	0.884619140625	0.725903320312
3195.7	1.22541503906	1.0763671875
3207.6	0.655810546875	0.49951171875
3223.6	1.44616699219	0.0
3250.1	0.01611328125	0.0
3250.3	0.93779296875	0.6509765625
3260.4	0.564770507812	0.049951171875
3273.2	0.665478515625	0.555102539062
3296.1	0.0	0.0
3360.0	1.15451660156	1.00305175781
3393.4	1.069921875	0.911206054687
3402.1	0.419750976562	0.303735351562
3406.6	0.760546875	0.608276367188
3410.2	0.487426757812	0.3931640625
3451.6	1.60327148438	1.24716796875
3454.2	1.61857910156	0.237670898438
3456.6	0.0	0.0
3477.5	1.53640136719	0.066064453125
3550.6	1.08442382813	0.0088623046875
3663.5	1.11826171875	0.84755859375
3669.2	0.543823242188	0.0
3672.5	1.64516601562	0.858032226562
3679.2	0.945849609375	0.7669921875
3698.9	0.954711914062	0.0
3706.4	1.24072265625	1.04172363281
3713.9	0.274731445312	0.219946289062
3746.0	1.08361816406	0.014501953125
3771.1	1.12067871094	0.952294921875
3794.8	1.00949707031	0.83466796875
3805.4	1.51867675781	0.004833984375
3807.9	0.519653320312	0.423779296875
3814.1	0.868505859375	0.6896484375
3820.3	1.42602539062	0.0
3826.7	1.20366210937	0.9474609375
3835.2	1.08603515625	0.874951171875
3859.0	0.635668945312	0.50595703125
3948.5	1.66611328125	1.48483886719
3956.0	0.906372070312	0.732348632812
3957.2	1.37446289062	1.15532226562
3975.3	0.678369140625	0.574438476563
4001.0	0.452783203125	0.314208984375
4008.4	1.64436035156	1.33901367187
4024.0	1.03527832031	0.891870117187
4038.8	1.19399414062	0.8958984375
4097.3	1.13356933594	0.791162109375
4125.0	1.00144042969	0.0
4140.6	0.0	0.0
4189.7	1.53720703125	1.33820800781
4199.2	0.0837890625	0.06123046875
4202.8	0.551879882812	0.452783203125
4210.5	1.22863769531	0.0
4210.5	0.0	0.0
4249.3	0.683203125	0.57041015625
4252.8	1.21333007813	1.06750488281
4267.2	0.584912109375	0.469702148437
4269.3	0.598608398438	0.451171875
4271.2	1.018359375	0.874951171875
4296.2	0.732348632812	0.597802734375
4308.8	1.16982421875	1.03286132812
4332.6	1.1859375	1.00063476562
4370.0	0.45439453125	0.385107421875
4403.5	0.391552734375	0.33515625
4406.7	1.37043457031	1.23266601562
4407.1	1.06750488281	0.609887695312
4468.1	1.38735351562	0.356103515625
4472.6	1.22219238281	0.0475341796875
4515.2	0.96357421875	0.800024414062
4517.1	1.65483398437	1.43327636719
4518.9	1.47919921875	1.24555664062
4567.2	0.2513671875	0.0
4599.4	0.6703125	0.5607421875
4602.5	0.0193359375	0.0
4627.8	0.646142578125	0.0
4665.3	1.01030273437	0.825
4680.7	0.92490234375	0.717846679687
4696.7	1.08845214844	0.533349609375
4702.1	0.977270507812	0.5220703125
4768.1	0.968408203125	0.11279296875
4810.0	0.0	0.0
4842.2	0.0	0.0
4850.5	0.894287109375	0.713012695312
4861.8	0.268286132812	0.0
4938.8	0.648559570312	0.04833984375
4946.6	0.614721679688	0.5091796875
4974.4	1.64597167969	0.61552734375
4987.0	1.04816894531	0.0
4991.3	0.22236328125	0.17080078125
5000.0	1.10698242187	1.2310546875
5044.0	1.11342773437	0.96357421875
5055.9	0.3544921875	0.226391601562
5076.2	0.9796875	0.0
5082.9	0.8765625	0.530126953125
5094.0	0.739599609375	0.565576171875
5133.4	1.69592285156	1.59682617187
5134.3	1.19963378906	0.0040283203125
5151.7	1.06508789062	0.0217529296875
5164.7	1.01352539062	0.862060546875
5172.7	0.958740234375	0.0
5194.8	1.11745605469	0.0
5223.8	1.0763671875	0.910400390625
5226.6	1.51625976562	1.27053222656
5236.1	1.11906738281	0.993383789062
5255.5	0.681591796875	0.0
5271.0	1.06025390625	0.913623046875
5282.7	0.732348632812	0.0
5295.7	1.05703125	0.631640625
5300.8	0.162744140625	0.12568359375
5305.1	0.501123046875	0.39638671875
5331.1	0.671923828125	0.558325195313
5394.5	1.43327636719	0.0
5395.1	0.993383789062	0.8572265625
5447.2	1.66691894531	1.53559570312
5479.7	1.05541992188	0.896704101562
5503.2	0.7412109375	0.513208007812
5549.4	0.506762695312	0.0
5568.1	0.0	0.53173828125
5594.3	0.771020507812	0.64453125
5595.9	1.32451171875	0.0
5604.4	1.00224609375	0.2255859375
5629.6	1.64838867187	1.28181152344
5635.4	0.3802734375	0.0
5656.9	0.598608398438	0.478564453125
5686.7	1.67497558594	1.54606933594
5712.7	0.491455078125	0.391552734375
5758.3	0.683203125	0.559130859375
5800.1	1.60568847656	0.0
5836.5	1.42602539062	0.0
5859.4	1.14243164062	0.0
5930.9	0.0	0.0
5942.1	0.458422851562	0.3673828125
5957.0	0.734765625	0.0
6000.6	1.57749023437	0.0
6015.7	0.270703125	0.20302734375
6049.2	1.31323242188	1.09892578125
6085.1	0.00322265625	0.0
6146.8	0.927319335937	0.762158203125
6170.9	0.9216796875	0.46728515625
6217.3	0.648559570312	0.514013671875
6231.7	1.63630371094	0.564770507812
6237.1	0.0580078125	0.0
6240.9	1.08361816406	0.878979492187
6272.7	0.385107421875	0.245727539062
6284.4	0.965185546875	0.0
6307.1	1.0119140625	0.620361328125
6331.8	0.23203125	0.0346435546875
6336.9	0.86044921875	0.690454101562
6471.4	0.942626953125	0.0
6530.9	1.08442382813	0.0
3.6	1.63791503906	0.262646484375
17.9	0.977270507812	0.0
24.2	0.0	0.0
52.3	0.636474609375	0.529321289062
77.1	1.65161132812	1.35432128906
98.7	0.948266601562	0.0
111.0	1.45986328125	0.0
112.6	0.0	0.0
122.5	0.6896484375	0.594580078125
145.4	1.61455078125	0.0
145.8	0.8185546875	0.688037109375
149.8	1.46066894531	0.111987304687
178.7	0.800830078125	0.638891601562
194.1	0.55751953125	0.13857421875
197.3	1.03447265625	0.0
213.5	1.28100585938	0.0
248.5	0.85400390625	0.682397460937
289.1	1.07556152344	0.806469726562
295.8	1.02722167969	0.889453125
336.3	0.93779296875	0.0
339.8	0.33193359375	0.0684814453125
343.3	0.339184570312	0.26748046875
353.1	0.874951171875	0.721875
376.1	1.08684082031	0.929736328125
478.2	0.9474609375	0.0
487.3	0.954711914062	0.0
497.0	0.509985351563	0.139379882812
499.3	0.719458007812	0.55107421875
518.2	0.941015625	0.0
523.6	1.26328125	1.10537109375
596.2	0.8443359375	0.694482421875
603.8	0.451171875	0.358520507812
604.8	1.65725097656	1.46630859375
610.0	0.082177734375	0.0
648.3	1.01271972656	0.0
678.6	0.919262695312	0.758935546875
691.5	1.55251464844	0.0
692.3	1.45100097656	0.0
746.2	0.852392578125	0.012890625
783.2	1.18110351563	0.195776367187
824.3	1.13115234375	0.91845703125
844.0	0.652587890625	0.27392578125
893.8	1.57265625	0.0
911.2	1.43972167969	0.0
922.0	1.06186523437	0.0
930.7	0.272314453125	0.176440429687
976.2	0.580883789062	0.481787109375
1013.1	0.9796875	0.51240234375
1015.9	0.928125	0.787133789062
1018.9	1.46066894531	0.0
1019.2	1.49934082031	1.198828125
1021.6	0.742822265625	0.158715820312
1038.6	0.95390625	0.6767578125
1062.8	0.97646484375	0.0
1088.7	1.67336425781	1.44938964844
1147.2	0.804052734375	0.7025390625
1165.8	1.21655273438	0.0
1179.3	1.09409179687	0.8701171875
1179.7	1.03125	0.8185546875
1205.9	0.390747070312	0.1998046875
1226.2	0.0	0.0
1229.3	1.03930664062	0.0
1232.3	1.08200683594	0.837890625
1273.6	0.953100585937	0.361743164062
1281.5	1.01674804687	0.0
1315.5	0.69931640625	0.523681640625
1350.0	1.61696777344	0.0
1410.5	0.111181640625	0.0201416015625
1427.6	0.875756835937	0.0
1434.7	1.36882324219	0.0
1464.4	1.03527832031	0.0
1473.4	1.19963378906	0.169189453125
1509.6	1.13679199219	0.0
1611.4	0.771826171875	0.605859375
1654.6	1.16901855469	0.0
1655.5	1.23669433594	0.0
1695.1	1.03286132812	0.0
1698.6	1.08120117187	0.935375976562
1711.3	1.1150390625	0.89912109375
1739.1	0.887841796875	0.695288085937
1789.8	0.936987304687	0.0
1809.9	1.00627441406	0.617138671875
1822.3	0.87978515625	0.751684570312
1829.8	0.8958984375	0.755712890625
1842.1	1.6177734375	1.09731445312
1859.9	1.20043945312	0.0008056640625
