5857.2	0.561547851562	0.514013671875
5859.6	0.607470703125	0.562353515625
5861.3	0.93779296875	0.798413085937
5861.4	0.0515625	0.0443115234375
5863.5	0.0	0.0
5865.8	0.453588867187	0.40283203125
5867.3	0.4962890625	0.456005859375
5867.7	0.020947265625	0.0185302734375
5868.0	0.865283203125	0.795190429687
5870.0	0.012890625	0.00966796875
5873.0	0.501123046875	0.455200195312
5874.0	0.0	0.0
5875.4	0.465673828125	0.42861328125
5876.1	0.5478515625	0.505151367187
5878.6	0.0	0.0
5878.6	0.26103515625	0.23525390625
5879.3	0.58330078125	0.53818359375
5879.5	0.549462890625	0.5091796875
5879.5	0.0	0.0
5879.9	0.635668945312	0.5865234375
5881.6	0.0	0.0
5882.0	0.59296875	0.54140625
5883.8	0.746044921875	0.683203125
5884.4	0.0	0.0
5885.1	0.397192382812	0.358520507812
5886.8	0.0	0.0
5887.6	0.0	0.0
5891.7	0.476953125	0.439086914062
5894.4	0.4576171875	0.422973632812
5896.1	0.49306640625	0.449560546875
5896.6	0.008056640625	0.0064453125
5898.3	0.202221679687	0.182080078125
5899.5	0.521264648437	0.466479492187
5899.5	0.68642578125	0.62197265625
5899.7	0.0	0.0
5901.4	0.0104736328125	0.00966796875
5901.9	0.0008056640625	0.0
5902.0	0.50595703125	0.4576171875
5904.1	0.0	0.0
5905.2	0.489038085937	0.44150390625
5906.1	0.0	0.0
5906.1	0.482592773437	0.440698242187
5908.1	0.485009765625	0.44150390625
5908.8	0.484204101562	0.436669921875
5909.1	0.510791015625	0.468896484375
5910.8	0.0	0.0
5912.1	0.01611328125	0.0136962890625
5912.4	0.524487304687	0.464868164062
5915.9	0.494677734375	0.456005859375
5918.9	0.0	0.0
5918.9	0.4640625	0.4125
5919.2	0.0	0.0
5920.6	0.491455078125	0.447143554688
5921.4	0.606665039063	0.5607421875
5921.9	0.0	0.0
5921.9	0.490649414062	0.445532226562
5922.2	0.0	0.0
5923.1	0.0088623046875	0.0072509765625
5923.2	0.48984375	0.449560546875
5923.9	0.0	0.0
5924.0	0.0	0.0
5925.3	0.0	0.0
5929.1	0.04833984375	0.04189453125
5929.2	0.501928710938	0.44794921875
5929.9	0.008056640625	0.0064453125
5930.5	0.0	0.0
5931.0	0.0	0.0
5932.5	0.0	0.0
5935.0	0.388330078125	0.35126953125
5936.0	0.001611328125	0.0008056640625
5936.3	0.0	0.0
5937.1	0.51884765625	0.474536132812
5937.1	0.158715820312	0.14501953125
5937.5	0.500317382812	0.4576171875
5939.0	0.675952148437	0.62197265625
5939.9	0.509985351563	0.46083984375
5941.2	0.497900390625	0.460034179687
5943.7	0.008056640625	0.0072509765625
5943.9	0.510791015625	0.462451171875
5945.4	0.51240234375	0.468896484375
5946.7	0.0136962890625	0.011279296875
5947.5	0.333544921875	0.29970703125
5948.3	0.51240234375	0.461645507812
5949.2	0.472119140625	0.43505859375
5952.4	0.511596679688	0.472119140625
5956.3	0.0	0.0
5956.7	0.485815429687	0.447143554688
5956.8	1.08442382813	0.806469726562
5957.9	0.0	0.0
5958.1	0.48017578125	0.440698242187
5959.5	0.502734375	0.461645507812
5960.9	0.0088623046875	0.008056640625
5965.3	0.605859375	0.54462890625
5965.5	0.491455078125	0.449560546875
5968.4	0.0	0.0
5968.5	0.562353515625	0.511596679688
5968.8	0.0	0.0
5969.0	0.546240234375	0.498706054687
5969.3	0.503540039062	0.469702148437
5971.4	0.0	0.0
5972.1	0.20625	0.18369140625
5973.0	0.0	0.0
5973.2	0.0040283203125	0.00322265625
5974.4	0.0	0.0
5975.4	0.0	0.0
5976.1	0.0	0.0
5976.5	0.528515625	0.48662109375
5977.0	0.0	0.0
5978.0	0.0	0.0
5978.5	0.488232421875	0.451171875
5979.2	0.0	0.0
5979.5	0.0	0.0
5980.5	0.48984375	0.45439453125
5980.5	0.674340820312	0.613916015625
5981.6	0.001611328125	0.0008056640625
5990.7	1.07475585937	0.852392578125
5990.9	0.48662109375	0.442309570312
5992.6	0.0	0.0
5992.8	0.554296875	0.5091796875
5994.1	0.5607421875	0.513208007812
5996.7	0.558325195313	0.5091796875
5997.2	0.030615234375	0.02578125
5998.2	0.0	0.0
5998.5	0.468090820312	0.425390625
6000.8	0.0	0.0
6001.0	0.0	0.00322265625
6002.1	0.515625	0.463256835938
6002.5	0.0064453125	0.004833984375
6005.4	0.518041992188	0.468090820312
6005.8	0.50595703125	0.4576171875
6006.6	0.0	0.0
6008.9	0.0	0.0
6011.4	0.5736328125	0.538989257812
6011.6	0.0	0.0
6013.3	0.524487304687	0.479370117188
6014.7	0.523681640625	0.468090820312
6014.9	0.0	0.0
6015.4	0.556713867187	0.507568359375
6016.9	0.543017578125	0.489038085937
6019.3	0.445532226562	0.406860351562
6019.5	0.0193359375	0.01611328125
6020.2	0.0	0.0
6020.9	0.0072509765625	0.0064453125
6022.2	0.0	0.0
6026.2	0.572021484375	0.532543945312
6027.1	0.00322265625	0.0024169921875
6029.3	0.0	0.0
6029.9	0.520458984375	0.481787109375
6030.6	0.0	0.0
6031.9	0.57685546875	0.534155273438
6033.1	0.0	0.0
6033.5	0.66708984375	0.632446289062
6036.5	0.523681640625	0.48017578125
6036.7	0.59619140625	0.539794921875
6038.5	0.46728515625	0.42861328125
6039.0	0.0	0.0
6039.1	1.21977539062	0.3609375
6039.3	0.35771484375	0.32548828125
6039.4	0.0	0.0
6039.4	0.024169921875	0.020947265625
6039.5	0.0	0.0
6039.8	0.505151367187	0.449560546875
6041.4	0.482592773437	0.434252929687
6042.0	0.5478515625	0.497900390625
6045.0	0.61875	0.55751953125
6045.1	0.0	0.0
6048.0	0.596997070312	0.5607421875
6048.5	0.0	0.0
6048.8	0.085400390625	0.0749267578125
6050.4	0.622778320312	0.572827148437
6050.4	0.0	0.0
6052.6	0.502734375	0.45439453125
6053.1	0.0	0.0
6054.4	0.5349609375	0.494677734375
6055.4	0.0	0.0
6062.6	0.590551757813	0.53173828125
6063.7	0.581689453125	0.51884765625
6064.6	0.04833984375	0.0427001953125
6065.4	0.0	0.537377929687
6067.2	0.648559570312	0.5994140625
6067.7	0.0	0.0
6070.3	0.456005859375	0.413305664062
6071.1	0.552685546875	0.501123046875
6071.6	0.477758789062	0.433447265625
6071.9	0.485815429687	0.442309570312
6072.1	0.51884765625	0.46728515625
6074.0	0.475341796875	0.432641601562
6074.5	0.15791015625	0.136157226562
6074.9	0.049951171875	0.0491455078125
6076.5	0.764575195312	0.703344726562
6078.8	0.0	0.0
6078.8	0.47373046875	0.43828125
6078.9	0.503540039062	0.4576171875
6079.7	0.037060546875	0.03544921875
6081.3	0.53173828125	0.477758789062
6081.6	0.488232421875	0.446337890625
6083.8	0.5607421875	0.515625
6086.9	0.0	0.0
6086.9	0.0668701171875	0.0588134765625
6088.1	0.394775390625	0.362548828125
6090.5	0.21591796875	0.1998046875
6091.2	0.455200195312	0.414916992188
6093.1	0.4833984375	0.4447265625
6093.2	0.1353515625	0.1224609375
6093.9	0.012890625	0.00966796875
6094.3	0.25458984375	0.226391601562
6094.7	0.0	0.0
6097.0	0.501123046875	0.459228515625
6099.6	0.548657226562	0.513208007812
6100.0	0.0088623046875	0.0072509765625
6101.5	0.317431640625	0.285205078125
6102.1	0.507568359375	0.459228515625
6102.8	0.0193359375	0.01611328125
6103.1	0.510791015625	0.468090820312
6104.9	0.011279296875	0.00966796875
6106.7	0.50595703125	0.468090820312
6106.7	0.24169921875	0.219140625
6110.1	0.575244140625	0.530126953125
6110.5	0.502734375	0.456811523437
6111.6	0.0	0.0
6111.7	0.533349609375	0.479370117188
6112.2	0.642919921875	0.57685546875
6112.5	0.6703125	0.609887695312
6113.3	0.0	0.0
6114.7	0.610693359375	0.559130859375
6121.7	0.0	0.0
6122.9	0.0	0.0
6126.9	0.49306640625	0.449560546875
6127.0	0.349658203125	0.31904296875
6127.4	0.505151367187	0.468896484375
6128.6	0.44794921875	0.4060546875
6129.3	0.519653320312	0.475341796875
6130.9	0.561547851562	0.511596679688
6131.1	0.498706054687	0.462451171875
6132.6	0.500317382812	0.465673828125
6133.1	0.515625	0.48017578125
6133.3	0.0	0.0
6133.5	0.57685546875	0.537377929687
6134.9	0.0	0.0
6135.3	0.501123046875	0.463256835938
6136.4	0.0	0.0
6136.8	0.348852539062	0.317431640625
6137.1	0.49951171875	0.448754882812
6138.5	0.0	0.0
6139.1	0.0201416015625	0.0169189453125
6139.9	0.024169921875	0.02255859375
6140.5	0.0	0.0
6140.6	0.643725585937	0.571215820312
6141.5	0.746044921875	0.667895507812
6141.6	0.0	0.0
6142.2	0.54462890625	0.4962890625
6142.8	0.52529296875	0.485009765625
6143.3	0.0	0.0
6143.8	0.0	0.0
6145.3	0.049951171875	0.043505859375
6145.9	0.671118164062	0.593774414062
6146.4	0.554296875	0.507568359375
6147.1	0.0	0.0
6148.1	0.02255859375	0.0193359375
6149.8	0.57685546875	0.526904296875
6149.9	0.51884765625	0.476147460937
6150.9	0.0	0.0
6152.4	0.0	0.0
6152.5	0.478564453125	0.439892578125
6152.6	0.0	0.0
6152.6	0.48662109375	0.453588867187
6153.7	0.571215820312	0.519653320312
6154.5	0.5736328125	0.51240234375
6156.7	0.517236328125	0.468090820312
6157.2	0.00966796875	0.008056640625
6158.9	0.54462890625	0.482592773437
6159.1	0.795190429687	0.73154296875
6161.0	0.0	0.0
6161.8	0.5671875	0.517236328125
6161.8	0.59296875	0.555908203125
6163.2	0.0	0.0
6163.5	0.0	0.0
6164.0	0.607470703125	0.5736328125
6165.3	0.0580078125	0.053173828125
6166.0	0.1353515625	0.1224609375
6166.2	0.504345703125	0.46083984375
6168.1	0.0	0.0
6168.5	0.0	0.0
6169.1	0.0	0.0
6169.2	0.038671875	0.033837890625
6169.8	0.143408203125	0.127294921875
6172.9	0.558325195313	0.503540039062
6172.9	0.0322265625	0.027392578125
6174.0	0.44794921875	0.004833984375
6174.5	0.0217529296875	0.0201416015625
6175.0	0.0	0.0
6175.1	0.48984375	0.451171875
6175.1	0.0	0.0104736328125
6175.6	0.04189453125	0.03544921875
6177.1	0.0	0.0
6177.7	0.0	0.0
6178.2	0.631640625	0.5865234375
6181.4	0.0	0.0
6182.0	0.532543945312	0.493872070312
6182.7	0.0	0.0
6182.7	0.0064453125	0.004833984375
6183.6	0.520458984375	0.471313476562
6188.2	0.0	0.0
6188.8	0.561547851562	0.509985351563
6190.4	0.592163085938	0.549462890625
6191.9	0.330322265625	0.297290039063
6192.4	0.543017578125	0.48984375
6194.1	0.495483398438	0.452783203125
6197.2	0.011279296875	0.00966796875
6199.5	0.0201416015625	0.017724609375
6200.8	0.849169921875	0.7734375
6204.1	0.501123046875	0.462451171875
6206.4	0.502734375	0.4576171875
6208.0	0.511596679688	0.461645507812
6208.1	0.0281982421875	0.02578125
6208.9	0.50595703125	0.459228515625
6211.3	0.468896484375	0.427807617187
6211.7	0.0	0.0
6216.3	1.64113769531	0.0
6218.2	0.0	0.0
6218.4	0.01611328125	0.0136962890625
6218.5	0.790356445312	0.7734375
6218.9	0.497900390625	0.45439453125
6220.9	0.0	0.0
6222.7	0.403637695312	0.362548828125
6226.5	0.724291992187	0.6638671875
6228.8	0.43828125	0.384301757812
6229.0	0.514013671875	0.471313476562
6230.3	0.51884765625	0.474536132812
6230.4	0.352075195312	0.322265625
6235.4	0.49951171875	0.449560546875
6240.0	0.68642578125	0.60908203125
6240.1	0.678369140625	0.622778320312
6240.1	0.0	0.0
6241.7	0.497094726562	0.45439453125
6244.5	0.639697265625	0.59296875
6254.0	0.572827148437	0.529321289062
6254.5	0.0193359375	0.01611328125
6255.4	0.291650390625	0.266674804687
6256.5	0.0	0.477758789062
6256.6	0.6703125	0.61552734375
6258.2	0.494677734375	0.451171875
6260.0	0.549462890625	0.523681640625
6261.5	0.0	0.0
6262.0	0.0193359375	0.01611328125
6262.3	0.0	0.0
6262.9	0.59619140625	0.535766601562
6263.8	0.0	0.0
6266.5	0.515625	0.469702148437
6267.1	0.038671875	0.033837890625
6267.1	0.02900390625	0.024169921875
6269.2	0.533349609375	0.490649414062
6270.7	0.0	0.0
6273.3	0.0	0.0233642578125
6274.8	0.0	0.0
6275.2	0.601831054687	0.5607421875
6275.7	0.694482421875	0.64130859375
6276.5	0.576049804688	0.5220703125
6278.0	0.0024169921875	0.001611328125
6278.7	0.0	0.0
6279.2	0.0	0.0
6279.3	0.037060546875	0.033837890625
6279.6	0.046728515625	0.04189453125
6280.0	0.616333007812	0.5671875
6281.0	0.0	0.0
6282.6	0.078955078125	0.0708984375
6283.5	0.0	0.0
6284.9	0.520458984375	0.476147460937
6285.5	0.0	0.0
6286.1	0.455200195312	0.406860351562
6286.7	0.494677734375	0.46083984375
6287.1	1.02399902344	0.7025390625
6288.0	0.488232421875	0.446337890625
6289.9	0.06767578125	0.06123046875
6292.4	0.0	0.0
6294.9	0.0	0.0
6295.4	0.584912109375	0.533349609375
6295.4	0.526904296875	0.478564453125
6296.6	0.511596679688	0.474536132812
6299.3	0.0	0.0
6299.3	0.0	0.0
6300.1	0.0	0.0
6301.0	0.536572265625	0.475341796875
6302.3	0.520458984375	0.485815429687
6302.5	0.49306640625	0.447143554688
6302.7	0.492260742187	0.456811523437
6305.1	0.515625	0.471313476562
6310.6	0.55751953125	0.4962890625
6314.8	0.0	0.0
6315.5	0.0	0.0
6315.6	0.547045898437	0.507568359375
6316.8	0.530932617187	0.485009765625
6317.1	0.027392578125	0.0233642578125
6317.6	0.515625	0.482592773437
6319.2	0.0	0.0
6321.6	0.0072509765625	0.0064453125
6324.0	0.488232421875	0.447143554688
6325.5	0.0	0.0
6325.6	0.0	0.0
6326.4	0.0	0.0
6326.5	0.555908203125	0.503540039062
6328.4	0.0	0.0
6329.5	0.581689453125	0.532543945312
6331.6	0.64453125	0.584912109375
6331.7	0.082177734375	0.07412109375
6332.5	0.0	0.0
6333.3	0.52529296875	0.478564453125
6333.9	0.407666015625	0.363354492187
6335.4	0.4962890625	0.4447265625
6335.6	0.465673828125	0.429418945312
6335.9	1.0119140625	0.84111328125
6337.8	0.556713867187	0.51240234375
6338.1	0.0	0.0
6338.7	0.0	0.0
6339.0	0.63486328125	0.559130859375
6339.1	0.497094726562	0.455200195312
6340.0	0.504345703125	0.464868164062
6341.0	0.500317382812	0.4576171875
6341.5	0.0	0.0
6342.2	0.513208007812	0.472924804687
6342.3	0.606665039063	0.550268554688
6342.7	0.758935546875	0.69609375
6342.7	0.0	0.0
6343.5	0.484204101562	0.443115234375
6344.0	0.0	0.0
6344.3	0.515625	0.475341796875
6345.3	0.529321289062	0.476953125
6345.5	0.632446289062	0.596997070312
6348.0	0.49951171875	0.4640625
6348.6	0.53173828125	0.491455078125
6349.7	0.54140625	0.494677734375
6351.6	0.46728515625	0.425390625
6352.8	0.0	0.0
6353.3	0.0	0.0
6353.8	0.522875976562	0.474536132812
6353.8	0.188525390625	0.167578125
6354.1	0.5607421875	0.515625
6355.8	0.0	0.0
6356.0	0.0	0.0
6356.1	0.505151367187	0.460034179687
6356.4	0.554296875	0.519653320312
6358.6	0.156298828125	0.136962890625
6360.3	0.687231445312	0.637280273437
6363.0	0.513208007812	0.477758789062
6363.6	0.523681640625	0.481787109375
6363.9	0.001611328125	0.00966796875
6364.5	0.0	0.0
6365.0	0.51240234375	0.468896484375
6367.8	0.49306640625	0.447143554688
6368.7	0.0	0.0
6369.1	0.0	0.0
6370.5	0.0	0.0
6376.0	0.603442382812	0.548657226562
6376.0	0.012890625	0.011279296875
6377.5	0.449560546875	0.4189453125
6378.5	0.0201416015625	0.0169189453125
6383.4	0.008056640625	0.008056640625
6384.9	0.516430664062	0.485009765625
6387.7	0.620361328125	0.567993164062
6391.5	0.523681640625	0.468896484375
6391.7	0.0	0.0
6393.0	0.503540039062	0.4576171875
6393.9	0.469702148437	0.429418945312
6396.6	0.568798828125	0.526904296875
6396.8	0.530126953125	0.493872070312
6397.3	0.0	0.0
6397.6	0.0	0.0
6398.3	0.448754882812	0.397192382812
6398.4	0.011279296875	0.0104736328125
6399.0	0.0	0.0
6400.5	0.48017578125	0.421362304687
6400.7	0.0104736328125	0.0088623046875
6403.7	0.501123046875	0.4576171875
6406.0	0.0	0.0
6407.3	0.502734375	0.459228515625
6407.5	0.0	0.0008056640625
6408.7	0.0008056640625	0.0
6408.8	0.652587890625	0.60908203125
6409.4	0.027392578125	0.024169921875
6409.8	0.484204101562	0.443115234375
6414.5	0.0008056640625	0.0008056640625
6414.8	0.0	0.0
6416.6	0.0	0.0
6416.8	0.0	0.0
6417.1	0.0	0.0
6418.3	0.0	0.0
6419.3	0.0	0.0
6421.4	0.0	0.0
6421.9	0.07412109375	0.06767578125
6422.0	0.0064453125	0.0056396484375
6422.5	0.49951171875	0.4576171875
6425.0	0.49306640625	0.44794921875
6425.9	0.0	0.0
6427.1	0.505151367187	0.461645507812
6429.0	0.0	0.0
6432.3	0.73154296875	0.645336914062
6433.1	0.643725585937	0.590551757813
6434.0	0.00966796875	0.008056640625
6434.0	0.0	0.0
6434.8	0.463256835938	0.414111328125
6435.2	0.508374023437	0.46083984375
6435.5	0.51884765625	0.478564453125
6436.4	0.4060546875	0.371411132812
6440.6	0.48662109375	0.4576171875
6441.0	0.001611328125	0.0008056640625
6441.1	0.0	0.0
6441.4	0.04833984375	0.046728515625
6441.4	0.839501953125	0.710595703125
6442.3	0.48984375	0.450366210937
6444.2	0.0	0.0
6444.4	0.611499023437	0.5607421875
6445.2	0.4576171875	0.414111328125
6445.9	0.497094726562	0.45439453125
6446.0	0.0	0.0
6447.9	0.552685546875	0.507568359375
6447.9	0.0	0.0
6449.6	0.6251953125	0.581689453125
6452.2	0.562353515625	0.506762695312
6453.4	0.603442382812	0.565576171875
6454.4	0.49951171875	0.4576171875
6454.6	0.5091796875	0.462451171875
6458.9	0.2900390625	0.2642578125
6459.2	0.0	0.0
6459.2	0.160327148437	0.143408203125
6461.4	0.00966796875	0.008056640625
6463.4	0.49306640625	0.451171875
6464.9	0.5220703125	0.485815429687
6465.4	0.0	0.0
6466.2	0.548657226562	0.501123046875
6466.2	0.529321289062	0.478564453125
6466.8	0.510791015625	0.4640625
6469.3	0.600219726562	0.549462890625
6471.3	0.526098632813	0.485009765625
6471.3	0.52529296875	0.490649414062
6472.2	0.260229492187	0.237670898438
6473.6	0.533349609375	0.481787109375
6473.7	0.0	0.0
6476.8	0.0	0.0
6477.0	0.0	0.0
6477.6	0.0	0.0
6478.5	0.0	0.0
6479.8	1.09328613281	0.842724609375
6479.9	0.0	0.0
6481.1	0.00322265625	0.0056396484375
6481.3	0.0	0.0
6482.7	0.685620117187	0.63486328125
6483.5	0.708178710937	0.646948242187
6484.2	0.395581054687	0.362548828125
6486.3	0.394775390625	0.356103515625
6488.0	0.863671875	0.804858398437
6490.8	0.51884765625	0.478564453125
6491.1	0.0104736328125	0.0088623046875
6495.7	0.671923828125	0.62841796875
6497.6	1.6306640625	0.0
6497.7	0.0064453125	0.0064453125
6498.0	0.48984375	0.452783203125
6498.1	0.0	0.0
6498.9	0.649365234375	0.61875
6499.5	0.0427001953125	0.038671875
6502.8	0.543823242188	0.5091796875
6503.0	0.607470703125	0.550268554688
6503.2	0.00966796875	0.0072509765625
6504.1	0.53173828125	0.476147460937
6504.8	0.465673828125	0.42216796875
6504.8	0.501123046875	0.459228515625
6507.3	0.0684814453125	0.06123046875
6507.5	0.00322265625	0.0024169921875
6509.2	0.528515625	0.48017578125
6510.5	0.810498046875	0.700122070312
6511.1	0.33837890625	0.306958007812
6512.9	0.51240234375	0.468896484375
6513.8	0.481787109375	0.433447265625
6514.3	0.0	0.0
6516.8	0.0	0.0
6517.8	0.478564453125	0.4318359375
6517.9	0.017724609375	0.014501953125
6518.4	0.515625	0.462451171875
6518.9	0.476953125	0.4318359375
6521.3	0.48984375	0.43828125
6522.5	0.495483398438	0.449560546875
6524.7	0.0	0.0
6528.6	0.468090820312	0.42861328125
6531.2	0.543823242188	0.501123046875
6535.4	0.0	0.0
6535.5	0.518041992188	0.472119140625
6537.2	0.0072509765625	0.0056396484375
6537.7	0.0	0.0
6538.0	0.0	0.0
6539.3	0.0	0.0
6540.9	0.01611328125	0.014501953125
6544.9	0.556713867187	0.519653320312
6544.9	0.0	0.0
6547.1	0.0	0.0
6547.6	0.23203125	0.20947265625
6547.7	0.468090820312	0.425390625
6549.0	0.0	0.0
6549.5	0.53818359375	0.491455078125
6550.3	0.478564453125	0.439892578125
6550.4	0.813720703125	0.739599609375
6551.4	0.011279296875	0.00966796875
6552.4	0.745239257812	0.692065429687
6553.5	0.7283203125	0.645336914062
1.2	0.117626953125	0.10634765625
5.6	0.504345703125	0.468896484375
5.8	0.550268554688	0.49951171875
6.1	0.0	0.0
6.9	0.0	0.0
7.2	0.02255859375	0.0193359375
7.7	0.4640625	0.422973632812
7.8	0.3673828125	0.329516601562
8.0	0.0	0.0
11.0	0.024169921875	0.02578125
11.5	0.0	0.0
12.1	0.536572265625	0.48984375
12.7	0.484204101562	0.439086914062
13.6	0.580883789062	0.52529296875
14.4	0.5091796875	0.458422851562
14.7	0.00322265625	0.001611328125
15.8	0.0	0.0
16.0	0.0	0.0
16.9	0.033837890625	0.02900390625
18.9	0.48984375	0.446337890625
19.3	0.474536132812	0.437475585937
21.7	0.503540039062	0.45439453125
22.3	0.0	0.0
23.2	0.15791015625	0.141796875
23.4	0.530932617187	0.488232421875
26.8	0.708178710937	0.64453125
29.5	0.532543945312	0.45439453125
31.0	0.0	0.0
32.3	0.0	0.0
32.4	0.0	0.0
32.7	0.00322265625	0.00322265625
33.7	0.0	0.0
34.4	0.4962890625	0.452783203125
36.1	0.326293945312	0.24169921875
36.5	0.0	0.0
36.7	0.723486328125	0.655004882812
37.2	0.48017578125	0.43828125
38.4	0.55751953125	0.53173828125
38.7	0.0040283203125	0.00322265625
40.4	0.677563476562	0.630834960937
41.3	0.515625	0.46728515625
42.1	0.5091796875	0.459228515625
42.3	0.523681640625	0.478564453125
43.8	0.008056640625	0.0064453125
45.1	0.5091796875	0.472119140625
48.0	0.012890625	0.011279296875
48.3	0.12890625	0.11279296875
49.5	0.0	0.0
49.7	0.530126953125	0.4833984375
51.3	0.623583984375	0.578466796875
51.9	0.5349609375	0.4962890625
52.3	0.0	0.0
54.8	0.613110351562	0.543017578125
55.3	0.0	0.0
55.7	0.0	0.0
57.2	0.0	0.0
58.8	0.530126953125	0.481787109375
59.1	0.0	0.0
62.0	0.0088623046875	0.008056640625
63.8	0.281982421875	0.259423828125
64.0	0.559130859375	0.50595703125
65.3	0.588134765625	0.526098632813
70.9	0.563159179687	0.539794921875
71.5	0.0	0.0
71.8	0.565576171875	0.528515625
72.3	0.455200195312	0.417333984375
73.8	0.59619140625	0.5349609375
76.2	0.0491455078125	0.04189453125
76.8	0.0	0.0
77.2	0.0	0.0
77.7	0.48984375	0.461645507812
79.5	0.493872070312	0.447143554688
80.3	0.551879882812	0.498706054687
80.5	0.547045898437	0.502734375
80.5	0.543017578125	0.506762695312
81.0	0.28359375	0.256201171875
81.6	0.3673828125	0.33515625
81.9	0.609887695312	0.5671875
82.0	0.0	0.0
82.3	1.62583007812	0.0
83.0	0.0	0.0
86.6	0.550268554688	0.49951171875
87.9	0.1869140625	0.168383789062
88.2	0.011279296875	0.0088623046875
88.9	0.539794921875	0.49951171875
91.2	0.0	0.0
91.7	0.61875	0.568798828125
94.6	0.0169189453125	0.0153076171875
96.3	0.514013671875	0.471313476562
96.5	0.7669921875	0.71865234375
96.8	1.62744140625	0.0
97.1	0.597802734375	0.546240234375
97.7	0.0	0.0
98.3	0.642919921875	0.581689453125
99.0	0.472119140625	0.430224609375
100.2	0.0	0.0
103.3	0.5671875	0.517236328125
105.6	0.00966796875	0.008056640625
107.9	0.538989257812	0.48984375
107.9	0.482592773437	0.451171875
108.1	0.0	0.0
109.5	0.33193359375	0.297290039063
110.1	0.504345703125	0.46083984375
110.5	0.399609375	0.364965820312
111.9	0.537377929687	0.485815429687
113.2	0.683203125	0.630029296875
114.5	0.510791015625	0.459228515625
114.9	0.522875976562	0.479370117188
115.0	0.588940429687	0.543823242188
115.1	0.0	0.0
115.1	0.18369140625	0.16435546875
115.5	0.502734375	0.465673828125
116.7	0.0	0.0
119.5	0.5478515625	0.495483398438
121.5	0.0	0.0
122.7	0.518041992188	0.482592773437
123.3	0.5478515625	0.494677734375
124.6	0.3544921875	0.29326171875
125.6	0.498706054687	0.458422851562
126.2	0.502734375	0.4576171875
126.8	0.0064453125	0.0064453125
129.1	1.56540527344	0.0
129.6	0.489038085937	0.4447265625
129.7	0.580078125	0.53173828125
130.8	0.4962890625	0.452783203125
133.5	0.517236328125	0.46728515625
134.7	1.28664550781	0.040283203125
139.5	0.0	0.0
140.7	0.58974609375	0.520458984375
144.2	0.0	0.0
144.5	0.520458984375	0.471313476562
144.8	0.806469726562	0.690454101562
148.3	0.76376953125	0.6509765625
148.9	0.46728515625	0.416528320312
152.6	0.505151367187	0.46083984375
154.1	0.464868164062	0.425390625
155.1	0.0298095703125	0.02578125
155.4	0.0	0.0
158.8	0.58330078125	0.545434570312
160.5	0.536572265625	0.489038085937
160.7	0.51240234375	0.4640625
160.8	0.46728515625	0.427001953125
161.8	0.495483398438	0.44150390625
161.8	0.0	0.0
162.4	0.0	0.0
166.1	0.030615234375	0.0265869140625
166.7	0.5671875	0.528515625
167.2	0.613916015625	0.563159179687
168.4	0.100708007812	0.088623046875
168.5	0.54140625	0.4962890625
169.0	0.0	0.0
169.5	1.2375	0.201416015625
170.1	0.1869140625	0.169189453125
172.5	0.0	0.0
173.8	0.0	0.0
174.2	0.513208007812	0.462451171875
174.8	0.0	0.0
175.5	0.012890625	0.00966796875
176.6	0.504345703125	0.456005859375
177.7	0.0	0.0
178.4	0.533349609375	0.491455078125
179.6	0.519653320312	0.488232421875
179.6	0.0	0.0
180.0	0.507568359375	0.465673828125
180.2	0.0	0.0
180.3	0.48017578125	0.431030273438
184.7	0.468896484375	0.430224609375
185.7	0.497900390625	0.456005859375
187.0	0.0	0.0
189.7	0.578466796875	0.5349609375
190.2	0.0	0.0
191.2	0.020947265625	0.017724609375
192.3	0.0	0.0
192.4	0.0	0.0
194.9	0.490649414062	0.4447265625
197.8	0.8443359375	0.753295898438
198.7	0.0	0.0
198.9	0.507568359375	0.465673828125
199.1	0.47373046875	0.427807617187
199.2	0.788745117187	0.717041015625
201.4	0.508374023437	0.46728515625
202.7	0.543017578125	0.492260742187
204.0	1.53801269531	0.161938476562
207.6	0.53818359375	0.48662109375
210.6	0.0	0.0
211.8	0.51240234375	0.46083984375
214.0	0.069287109375	0.0620361328125
214.2	0.020947265625	0.017724609375
215.5	1.04978027344	0.819360351562
216.3	0.0	0.0
217.1	0.0	0.0
217.3	0.0	0.0
222.6	0.0322265625	0.027392578125
222.8	0.704150390625	0.62841796875
224.5	0.0	0.0
225.6	0.0	0.0
226.8	0.704956054688	0.649365234375
227.0	0.523681640625	0.4833984375
230.8	0.61552734375	0.558325195313
231.0	0.0	0.0
233.2	0.0	0.0
233.9	0.0193359375	0.0169189453125
234.7	0.72509765625	0.678369140625
238.0	0.53173828125	0.494677734375
238.4	0.576049804688	0.543017578125
239.7	0.369799804687	0.3416015625
241.5	0.0	0.0
243.1	0.06123046875	0.0580078125
244.5	0.47373046875	0.42861328125
245.2	0.514013671875	0.468090820312
246.6	0.561547851562	0.518041992188
247.5	0.51884765625	0.4705078125
247.9	0.056396484375	0.049951171875
249.0	0.0	0.0
250.2	0.5349609375	0.491455078125
253.2	0.0	0.0
253.9	0.5091796875	0.472119140625
256.3	0.0	0.0
257.2	0.0	0.0
257.3	0.69931640625	0.613916015625
257.7	0.00966796875	0.008056640625
261.8	0.59296875	0.530932617187
262.3	0.144213867187	0.131323242187
262.7	0.506762695312	0.461645507812
262.8	0.495483398438	0.461645507812
263.3	0.59296875	0.543823242188
263.4	0.494677734375	0.455200195312
264.3	0.484204101562	0.440698242187
264.4	0.4576171875	0.410888671875
268.6	0.0	0.0
268.6	0.0	0.0
269.8	0.0	0.0
273.2	0.469702148437	0.421362304687
274.1	0.554296875	0.507568359375
274.2	0.4640625	0.430224609375
276.6	0.48984375	0.43828125
277.4	0.0	0.0
277.5	0.5478515625	0.506762695312
277.6	0.0	0.0
279.9	0.4962890625	0.451171875
280.0	0.529321289062	0.485009765625
280.7	0.79921875	0.721875
281.1	0.475341796875	0.430224609375
282.8	0.469702148437	0.427001953125
284.9	0.504345703125	0.460034179687
286.0	0.533349609375	0.48017578125
287.5	0.0	0.0
287.7	0.596997070312	0.532543945312
288.2	0.0	0.0
288.6	0.507568359375	0.452783203125
289.5	0.529321289062	0.488232421875
292.0	0.0	0.0
293.0	0.0	0.0
293.2	0.0008056640625	0.0008056640625
293.2	0.571215820312	0.520458984375
293.9	1.29631347656	0.182080078125
294.2	0.0910400390625	0.078955078125
295.2	0.502734375	0.462451171875
296.6	0.520458984375	0.478564453125
296.6	0.0	0.0
299.7	0.491455078125	0.453588867187
300.2	0.50595703125	0.4640625
302.6	0.514013671875	0.493872070312
302.8	0.378662109375	0.346435546875
308.2	0.478564453125	0.433447265625
309.0	0.272314453125	0.243310546875
310.1	1.37043457031	0.024169921875
313.7	0.272314453125	0.243310546875
314.5	0.536572265625	0.494677734375
315.9	0.585717773437	0.543017578125
317.9	0.514013671875	0.468090820312
318.8	0.0	0.0
319.1	0.00322265625	0.00322265625
319.6	0.506762695312	0.464868164062
320.1	0.0	0.0
321.2	0.0	0.0
321.4	0.48662109375	0.448754882812
323.6	0.508374023437	0.451171875
324.7	0.0	0.0
325.9	0.56396484375	0.514819335937
328.5	0.78310546875	0.69931640625
330.2	0.0	0.0
330.5	0.0	0.0
331.9	0.204638671875	0.18046875
332.2	0.0	0.0
332.5	0.57041015625	0.536572265625
335.3	0.446337890625	0.40283203125
336.5	0.485815429687	0.44150390625
337.4	0.0	0.0
340.1	0.48984375	0.452783203125
340.7	0.0	0.0
340.8	0.0	0.0
343.1	0.511596679688	0.465673828125
343.5	0.51240234375	0.48662109375
343.6	0.500317382812	0.472924804687
344.2	0.4640625	0.42216796875
345.0	0.590551757813	0.559130859375
345.1	0.48984375	0.448754882812
345.1	0.02900390625	0.02578125
345.1	0.613916015625	0.565576171875
345.9	0.0	0.0
345.9	0.038671875	0.0322265625
346.7	0.565576171875	0.515625
347.6	0.6123046875	0.572827148437
350.5	0.562353515625	0.5091796875
351.9	0.0	0.0
351.9	0.014501953125	0.012890625
352.3	0.0	0.0
353.4	0.0	0.0
354.0	0.534155273438	0.489038085937
354.5	0.0	0.0
354.6	0.494677734375	0.468896484375
357.2	0.0	0.0
361.4	0.0	0.0
364.5	0.0	0.0
364.6	0.00322265625	0.00322265625
364.8	0.519653320312	0.4705078125
364.9	1.62260742187	0.0
366.0	0.562353515625	0.510791015625
370.3	0.55751953125	0.515625
370.9	0.0	0.0
371.4	0.48984375	0.439086914062
371.8	0.0	0.0
372.1	0.6703125	0.613916015625
372.4	0.136962890625	0.124877929688
373.2	0.0	0.0
375.5	0.505151367187	0.464868164062
375.8	0.28037109375	0.248950195312
377.1	0.497094726562	0.460034179687
378.5	0.4962890625	0.4576171875
378.5	0.501123046875	0.4576171875
379.3	0.03544921875	0.030615234375
382.6	0.485009765625	0.43828125
385.4	0.501928710938	0.427807617187
388.1	0.507568359375	0.484204101562
388.6	0.0	0.0
388.7	0.05478515625	0.0475341796875
389.8	0.0136962890625	0.012890625
391.1	0.54140625	0.492260742187
392.9	0.0	0.0
397.1	0.0	0.0
397.7	0.0	0.0
398.0	0.515625	0.46728515625
399.1	0.4962890625	0.450366210937
399.5	0.0	0.0
400.9	0.02255859375	0.0201416015625
401.8	0.133740234375	0.120849609375
403.3	0.528515625	0.480981445312
404.1	0.355297851562	0.31904296875
404.2	0.0	0.0
404.4	0.4833984375	0.4447265625
408.5	0.0	0.0
410.1	0.559936523438	0.526098632813
410.8	0.559130859375	0.511596679688
411.8	0.0	0.0
412.2	0.012890625	0.0104736328125
414.0	0.48017578125	0.436669921875
415.3	0.59296875	0.539794921875
415.4	0.25458984375	0.232836914062
416.0	0.0	0.4318359375
417.3	0.0	0.0
418.1	0.568798828125	0.526904296875
418.4	0.0	0.0
419.0	0.0	0.0
420.6	0.466479492187	0.429418945312
421.3	0.0	0.0
422.3	0.520458984375	0.430224609375
422.3	0.704150390625	0.642919921875
422.9	0.381884765625	0.34482421875
427.0	0.675146484375	0.6251953125
427.1	0.02255859375	0.0193359375
427.9	0.02255859375	0.0201416015625
429.5	0.538989257812	0.49306640625
429.7	0.0	0.0
431.2	0.0	0.0
432.2	0.0	0.0
433.2	0.0	0.0
433.9	0.55107421875	0.507568359375
434.2	0.528515625	0.479370117188
437.1	0.0	0.0
437.6	0.515625	0.465673828125
441.0	0.22236328125	0.201416015625
441.1	0.546240234375	0.504345703125
441.2	0.0	0.0
441.4	0.510791015625	0.469702148437
441.8	0.47373046875	0.43505859375
442.6	0.506762695312	0.464868164062
443.7	0.0136962890625	0.0104736328125
444.6	0.48017578125	0.43828125
445.3	0.517236328125	0.474536132812
449.7	0.0	0.0
450.2	0.510791015625	0.465673828125
450.4	0.321459960937	0.284399414062
450.9	0.024169921875	0.020947265625
451.0	0.410888671875	0.368994140625
451.5	0.515625	0.474536132812
455.7	0.04189453125	0.03544921875
457.5	0.400415039062	0.365771484375
458.4	0.500317382812	0.4576171875
458.5	0.514013671875	0.47373046875
458.7	0.09990234375	0.088623046875
459.1	0.561547851562	0.528515625
459.6	0.485815429687	0.443115234375
461.7	0.529321289062	0.485009765625
462.1	0.0	0.0
465.2	0.497900390625	0.44794921875
465.2	0.04189453125	0.0362548828125
468.6	0.478564453125	0.43828125
469.7	0.51884765625	0.464868164062
470.6	0.537377929687	0.489038085937
472.2	0.0	0.0
473.5	0.507568359375	0.468896484375
476.7	0.0	0.0
479.0	0.48017578125	0.44150390625
479.2	0.0	0.0
479.9	0.4640625	0.417333984375
481.7	0.0	0.0
482.3	0.0	0.0
484.5	0.51884765625	0.480981445312
487.2	0.50595703125	0.462451171875
488.0	0.0	0.0
488.1	0.590551757813	0.55107421875
488.4	0.54140625	0.49306640625
489.8	0.786328125	0.736376953125
490.0	0.471313476562	0.431030273438
490.8	0.23203125	0.210278320312
490.8	0.0	0.0
490.8	0.896704101562	0.778271484375
492.7	0.26103515625	0.236865234375
493.6	0.468090820312	0.430224609375
493.7	0.5671875	0.520458984375
493.7	0.017724609375	0.0153076171875
496.3	0.462451171875	0.423779296875
496.4	0.515625	0.468896484375
497.3	0.4705078125	0.432641601562
500.0	0.617138671875	0.565576171875
500.5	0.0008056640625	0.0008056640625
500.9	0.53173828125	0.488232421875
502.2	0.3673828125	0.326293945312
503.7	0.0	0.0
506.0	0.516430664062	0.4705078125
506.5	0.4833984375	0.437475585937
507.5	0.516430664062	0.48662109375
508.2	0.774243164062	0.6896484375
509.2	0.0	0.0
509.3	0.143408203125	0.130517578125
510.3	0.501123046875	0.458422851562
512.0	0.0	0.0
512.3	0.996606445312	0.845141601562
512.4	0.449560546875	0.407666015625
513.6	0.846752929687	0.733959960937
513.8	0.626806640625	0.55107421875
514.1	0.0217529296875	0.0193359375
515.1	0.5478515625	0.50595703125
516.7	0.0	0.0
517.0	0.62197265625	0.57041015625
518.3	0.252978515625	0.234448242187
518.8	0.53818359375	0.494677734375
519.1	0.510791015625	0.469702148437
523.0	0.0	0.0
525.6	0.0	0.0
527.7	0.00966796875	0.0064453125
528.5	0.008056640625	0.0064453125
530.5	0.675146484375	0.646142578125
531.5	0.012890625	0.00966796875
532.0	0.0572021484375	0.053173828125
536.3	0.490649414062	0.439892578125
536.4	0.462451171875	0.358520507812
538.0	0.948266601562	0.832250976562
539.0	1.14243164062	0.6251953125
540.4	0.0	0.0
541.7	0.65419921875	0.575244140625
541.9	0.0	0.0
544.4	0.011279296875	0.00966796875
545.3	0.571215820312	0.52529296875
545.8	0.717846679687	0.657421875
546.3	0.0193359375	0.01611328125
546.5	0.0	0.0
546.7	0.0	0.0
548.2	0.0	0.0
548.2	0.574438476563	0.520458984375
550.6	0.278759765625	0.249755859375
551.7	0.0	0.0
552.6	0.737182617188	0.653393554687
553.7	0.1869140625	0.165966796875
553.8	0.0	0.0
554.9	0.696899414062	0.629223632812
555.5	0.77021484375	0.671118164062
559.0	0.71865234375	0.66708984375
559.3	0.0	0.0
560.1	0.472924804687	0.42861328125
561.0	0.0104736328125	0.0088623046875
561.9	0.0	0.0
562.2	0.0	0.0
562.6	0.671923828125	0.622778320312
563.3	0.0	0.0
564.0	0.532543945312	0.48984375
564.2	0.50595703125	0.446337890625
565.1	0.41572265625	0.387524414062
565.8	0.0	0.0
565.9	0.397192382812	0.36416015625
567.8	0.588134765625	0.5478515625
568.0	0.53818359375	0.488232421875
569.1	0.0	0.0
569.2	0.0	0.0
570.6	0.01611328125	0.01611328125
571.1	0.0072509765625	0.0064453125
571.5	0.50595703125	0.46083984375
571.9	0.20625	0.1869140625
574.0	0.713818359375	0.646948242187
575.1	0.0	0.0
578.4	0.0749267578125	0.066064453125
579.0	0.513208007812	0.46728515625
580.2	0.5220703125	0.4640625
582.4	0.5349609375	0.48984375
583.0	0.497900390625	0.451977539062
583.4	0.02578125	0.020947265625
583.5	0.5994140625	0.54462890625
586.0	0.593774414062	0.54140625
586.8	0.48662109375	0.43828125
587.9	0.0	0.0
588.5	0.0	0.0
588.8	0.0	0.0
591.0	0.57685546875	0.527709960938
591.1	0.497900390625	0.455200195312
595.4	0.837890625	0.760546875
595.7	0.452783203125	0.41572265625
596.0	0.59296875	0.529321289062
596.2	0.0	0.0
596.2	0.497900390625	0.451171875
596.6	0.5220703125	0.478564453125
599.0	1.0505859375	0.81533203125
600.3	0.582495117188	0.522875976562
602.0	0.504345703125	0.459228515625
602.8	0.00322265625	0.001611328125
603.7	0.56396484375	0.51884765625
603.7	0.493872070312	0.44794921875
603.9	0.53818359375	0.4833984375
604.8	0.580883789062	0.52529296875
606.9	0.42216796875	0.381884765625
608.0	0.48017578125	0.435864257812
609.6	0.655004882812	0.597802734375
610.4	0.0	0.0265869140625
611.3	0.51884765625	0.472119140625
612.1	0.29326171875	0.252172851562
613.3	0.0	0.0
615.3	0.014501953125	0.0120849609375
615.3	0.0	0.0
616.0	0.0515625	0.043505859375
617.3	0.0064453125	0.0064453125
618.3	0.53173828125	0.4833984375
618.7	0.73154296875	0.6509765625
619.1	0.954711914062	0.825
619.5	0.0	0.0
619.6	0.522875976562	0.479370117188
621.0	0.368188476562	0.3287109375
623.0	0.85400390625	0.666284179687
623.3	0.01611328125	0.012890625
624.6	0.0	0.0
625.0	0.008056640625	0.0064453125
626.5	0.00966796875	0.008056640625
627.1	0.0	0.0
627.5	0.572021484375	0.528515625
629.9	0.516430664062	0.465673828125
630.0	0.559936523438	0.511596679688
630.1	0.0	0.0
630.4	0.0	0.0
630.5	0.0	0.0
630.9	0.622778320312	0.571215820312
631.9	0.510791015625	0.46083984375
632.6	0.0	0.0
633.6	0.536572265625	0.49306640625
634.0	0.554296875	0.504345703125
634.1	0.0	0.0
634.2	0.501123046875	0.455200195312
636.0	0.0	0.0
636.2	0.48662109375	0.448754882812
636.7	0.585717773437	0.549462890625
637.6	0.1546875	0.133740234375
638.2	0.60263671875	0.5671875
640.8	0.0	0.0
642.8	0.0	0.0
644.7	0.48984375	0.451977539062
645.9	0.0	0.0
646.4	0.0	0.0
649.2	0.038671875	0.03544921875
651.1	0.527709960938	0.485815429687
653.1	0.605859375	0.561547851562
653.2	0.528515625	0.479370117188
653.9	0.0	0.0
655.2	0.511596679688	0.458422851562
656.1	0.511596679688	0.4576171875
664.2	0.0064453125	0.0064453125
664.3	0.497094726562	0.460034179687
665.9	0.0	0.0
666.2	0.555102539062	0.504345703125
667.4	0.0	0.0
668.2	0.489038085937	0.451171875
669.0	0.51240234375	0.4705078125
669.1	0.0708984375	0.0668701171875
670.7	0.020947265625	0.017724609375
670.8	0.0	0.0
673.0	0.06767578125	0.062841796875
673.8	0.0	0.0
674.2	0.0	0.0
680.2	0.0	0.0
682.4	0.524487304687	0.47373046875
682.4	0.116015625	0.103125
682.5	0.0	0.0
686.0	0.0104736328125	0.00966796875
687.4	0.0	0.0
688.6	0.517236328125	0.469702148437
689.9	0.627612304687	0.596997070312
691.2	0.263452148437	0.239282226562
691.7	0.0	0.0
692.0	0.06767578125	0.059619140625
692.1	0.497900390625	0.460034179687
692.6	0.0	0.0
692.7	0.0	0.0
693.3	0.6123046875	0.559936523438
693.4	0.0	0.0
694.1	0.0	0.0
696.1	0.0	0.0
699.1	0.513208007812	0.47373046875
699.9	0.50595703125	0.464868164062
700.2	0.01611328125	0.0136962890625
700.5	0.0104736328125	0.0088623046875
701.2	0.0	0.0
702.3	0.49306640625	0.463256835938
703.6	0.0	0.0
704.2	0.563159179687	0.5220703125
704.3	0.508374023437	0.4640625
705.9	0.0	0.0
706.6	0.59296875	0.543017578125
707.9	0.0	0.0
710.2	0.282788085937	0.259423828125
711.4	0.0	0.451171875
712.8	0.0193359375	0.01611328125
715.3	0.0	0.0
721.6	0.0	0.0
724.2	0.0	0.0
724.6	0.0	0.0
726.1	0.518041992188	0.47373046875
726.3	0.594580078125	0.540600585937
726.7	0.54140625	0.49306640625
726.8	0.117626953125	0.107958984375
730.8	0.0	0.0
731.6	0.178051757812	0.1611328125
732.4	0.02578125	0.0217529296875
737.8	0.0064453125	0.0040283203125
740.3	0.0	0.0
740.7	0.46728515625	0.43828125
740.9	0.567993164062	0.534155273438
749.4	0.0	0.0
749.9	0.0	0.0
750.0	0.0040283203125	0.00322265625
751.1	0.008056640625	0.0072509765625
752.0	0.48017578125	0.436669921875
753.7	0.0	0.0
753.8	1.25844726562	0.0153076171875
755.7	0.513208007812	0.4640625
758.4	0.749267578125	0.687231445312
759.1	0.0	0.0
761.3	0.2578125	0.22880859375
762.0	0.21591796875	0.191748046875
762.8	0.562353515625	0.502734375
763.5	0.52529296875	0.480981445312
766.0	0.0	0.0
766.3	0.597802734375	0.54140625
768.1	0.0	0.0
769.5	0.709790039062	0.657421875
770.7	0.578466796875	0.5478515625
773.3	0.038671875	0.0330322265625
774.3	0.0	0.0
775.7	0.0	0.0
777.0	0.949072265625	0.811303710937
777.7	0.0	0.0
777.9	0.529321289062	0.46728515625
778.4	0.0	0.0
780.7	0.0	0.014501953125
780.8	0.0169189453125	0.0136962890625
782.7	0.0	0.0
783.0	0.476953125	0.44150390625
784.3	0.497900390625	0.452783203125
784.3	0.0	0.0
785.0	0.481787109375	0.439086914062
786.7	0.4640625	0.423779296875
787.1	0.001611328125	0.0
787.2	0.404443359375	0.36416015625
788.2	0.64775390625	0.57685546875
789.4	0.0	0.0
789.5	0.0	0.0
790.0	0.533349609375	0.485009765625
795.2	0.0	0.0
795.3	0.0	0.0
796.7	0.0	0.0
799.6	0.555908203125	0.518041992188
802.5	0.492260742187	0.451977539062
804.4	0.0	0.0
804.9	0.0	0.0
805.6	0.0	0.0
805.9	0.0064453125	0.004833984375
807.3	0.537377929687	0.494677734375
808.1	0.640502929688	0.5736328125
808.3	0.61875	0.56396484375
808.3	0.487426757812	0.451977539062
810.3	0.0281982421875	0.024169921875
811.6	0.0	0.0
812.3	0.0	0.0
812.5	0.0	0.0
813.3	0.481787109375	0.443115234375
814.2	0.464868164062	0.4125
815.1	0.5349609375	0.48984375
815.8	0.0	0.0
816.4	0.56396484375	0.495483398438
816.5	0.0	0.0
817.8	0.51884765625	0.475341796875
818.2	0.0	0.0
819.0	0.517236328125	0.476147460937
819.1	0.0	0.0
820.0	0.268286132812	0.240087890625
820.8	1.13115234375	0.672729492188
822.3	0.15791015625	0.14501953125
822.8	0.4962890625	0.456811523437
822.9	0.0	0.0
825.9	0.0	0.0
826.1	0.55751953125	0.51240234375
826.6	0.0	0.0
827.8	0.0	0.0
830.6	0.576049804688	0.522875976562
832.7	0.0	0.0
834.7	0.0	0.0
835.8	0.517236328125	0.476147460937
836.0	0.576049804688	0.52529296875
837.1	0.066064453125	0.0588134765625
839.2	0.0	0.0
840.2	0.0008056640625	0.001611328125
840.3	0.0	0.0
841.0	0.0	0.0
841.2	0.0	0.0
841.4	0.510791015625	0.4640625
842.5	0.53173828125	0.480981445312
842.5	0.0	0.0
842.7	0.497900390625	0.449560546875
843.1	0.494677734375	0.443920898437
843.7	0.487426757812	0.439892578125
843.7	0.80244140625	0.71220703125
844.3	0.0	0.0
844.4	0.0	0.0
848.5	0.724291992187	0.650170898437
850.6	0.468896484375	0.423779296875
852.5	0.6123046875	0.546240234375
853.6	0.51240234375	0.480981445312
855.2	0.2126953125	0.19013671875
855.5	0.4833984375	0.443920898437
858.5	0.0	0.0
859.5	0.547045898437	0.51240234375
859.6	0.0	0.0
860.8	0.488232421875	0.449560546875
861.3	0.50595703125	0.477758789062
863.0	0.0	0.0
863.8	0.86044921875	0.645336914062
870.1	0.58330078125	0.54462890625
871.9	0.00966796875	0.008056640625
872.6	0.485009765625	0.443115234375
872.8	0.004833984375	0.0040283203125
873.1	0.0	0.0
873.7	0.575244140625	0.52529296875
873.9	0.0	0.0
875.8	0.543823242188	0.4962890625
878.5	0.0	0.0
879.0	0.551879882812	0.49951171875
879.9	0.48984375	0.446337890625
880.4	0.0	0.642114257812
880.7	0.57685546875	0.534155273438
882.2	0.539794921875	0.500317382812
882.4	0.0	0.0
883.4	0.506762695312	0.465673828125
888.4	0.503540039062	0.458422851562
889.2	0.536572265625	0.490649414062
889.4	0.510791015625	0.461645507812
889.9	0.537377929687	0.48984375
890.0	0.631640625	0.590551757813
890.4	0.991772460937	0.665478515625
891.0	0.491455078125	0.447143554688
891.1	0.5091796875	0.465673828125
891.7	0.0	0.0
893.7	0.50595703125	0.472119140625
895.4	0.527709960938	0.476953125
896.0	0.49306640625	0.455200195312
896.9	0.0153076171875	0.012890625
897.5	0.261840820312	0.24169921875
897.7	0.0	0.0088623046875
897.8	0.0362548828125	0.0322265625
898.0	0.0	0.0
899.5	0.0813720703125	0.072509765625
899.9	0.556713867187	0.502734375
906.4	0.149853515625	0.1353515625
907.8	0.01611328125	0.012890625
908.2	0.33515625	0.298095703125
908.5	0.481787109375	0.442309570312
908.6	0.0	0.0
909.1	0.932153320312	0.7669921875
912.4	0.52529296875	0.47373046875
912.6	0.517236328125	0.464868164062
912.8	0.244921875	0.217529296875
914.8	0.507568359375	0.466479492187
915.4	0.0539794921875	0.0515625
917.2	0.53173828125	0.497094726562
917.3	0.523681640625	0.480981445312
918.3	0.302124023438	0.272314453125
918.8	0.460034179687	0.421362304687
919.6	0.578466796875	0.530932617187
920.2	0.0	0.0
920.8	0.642919921875	0.588940429687
921.1	0.0	0.0
921.7	0.0233642578125	0.020947265625
922.2	0.6123046875	0.569604492187
923.4	0.0	0.0
924.3	0.539794921875	0.497900390625
925.7	0.558325195313	0.514013671875
926.1	0.6123046875	0.555908203125
926.6	0.39638671875	0.365771484375
927.2	0.0	0.0
927.5	0.480981445312	0.447143554688
928.4	0.514013671875	0.474536132812
929.1	0.0008056640625	0.0
929.5	0.0265869140625	0.02255859375
929.7	0.48984375	0.449560546875
930.7	0.742016601562	0.675952148437
930.7	0.564770507812	0.515625
931.2	0.0	0.0
931.3	0.480981445312	0.440698242187
932.9	0.704150390625	0.651782226562
933.8	0.0	0.0
933.9	0.0	0.0
935.2	0.519653320312	0.468090820312
935.9	0.576049804688	0.534155273438
936.6	0.0	0.0
937.3	0.48984375	0.44794921875
938.4	1.41555175781	0.0
938.4	0.53818359375	0.49306640625
938.5	0.043505859375	0.0378662109375
939.7	0.014501953125	0.012890625
939.7	0.0	0.0
940.0	0.00322265625	0.00322265625
940.4	0.64130859375	0.584912109375
940.8	0.02255859375	0.0201416015625
945.2	0.0	0.0
945.4	0.58974609375	0.546240234375
945.5	0.49951171875	0.46083984375
945.6	0.533349609375	0.49951171875
947.7	0.07412109375	0.0652587890625
950.1	0.0	0.0
950.5	0.713818359375	0.664672851562
951.8	0.524487304687	0.478564453125
952.3	0.0	0.0
952.4	0.530126953125	0.48984375
954.6	0.0	0.0
955.6	0.0	0.0
955.8	0.0	0.0
956.0	0.514013671875	0.4640625
959.1	0.0	0.0
961.0	0.239282226562	0.21591796875
961.2	0.0008056640625	0.0
961.2	0.0	0.0
962.0	1.00708007812	0.820166015625
962.0	0.642919921875	0.605053710937
962.3	0.0	0.0
964.8	0.0	0.0
965.4	1.35432128906	0.0193359375
966.5	0.55107421875	0.51884765625
966.8	0.508374023437	0.465673828125
966.9	0.539794921875	0.492260742187
967.6	0.48017578125	0.436669921875
969.1	0.533349609375	0.493872070312
969.5	0.02578125	0.02255859375
969.8	0.001611328125	0.0008056640625
971.8	0.700927734375	0.630029296875
972.6	0.7154296875	0.684814453125
972.8	0.555908203125	0.514013671875
973.2	0.062841796875	0.0555908203125
973.7	0.523681640625	0.472119140625
975.1	1.61213378906	0.0
977.3	0.552685546875	0.500317382812
979.2	0.498706054687	0.451171875
980.6	1.60729980469	0.0
984.1	0.474536132812	0.435864257812
984.2	0.5865234375	0.536572265625
984.9	0.5091796875	0.459228515625
985.6	0.0	0.0
986.4	0.0	0.0
986.9	0.4833984375	0.446337890625
987.3	0.460034179687	0.4189453125
988.8	0.133740234375	0.120849609375
989.0	0.480981445312	0.43828125
989.8	0.6896484375	0.646948242187
991.1	0.516430664062	0.476953125
991.3	0.0	0.0
991.3	0.0717041015625	0.0652587890625
991.8	0.0	0.0
992.4	0.0	0.0
993.2	0.4962890625	0.453588867187
993.6	0.506762695312	0.461645507812
993.7	0.5091796875	0.480981445312
996.5	0.491455078125	0.450366210937
997.1	0.708178710937	0.646142578125
998.3	0.514013671875	0.464868164062
998.5	0.513208007812	0.4640625
999.1	0.48662109375	0.421362304687
999.5	0.549462890625	0.509985351563
1000.0	0.314208984375	0.28037109375
1000.9	0.062841796875	0.05478515625
1001.0	0.522875976562	0.472119140625
1002.7	0.497900390625	0.45439453125
1003.9	0.038671875	0.0322265625
1005.3	0.0193359375	0.01611328125
1006.2	0.02578125	0.02255859375
1008.2	0.0	0.0
1008.2	0.0	0.0
1011.0	0.432641601562	0.38671875
1011.2	0.12568359375	0.113598632812
1012.3	1.19077148437	0.373828125
1015.6	0.509985351563	0.466479492187
1016.6	0.528515625	0.48984375
1017.4	0.0	0.0
1019.3	0.46083984375	0.404443359375
1019.5	0.478564453125	0.433447265625
1019.9	0.0	0.0
1020.3	0.494677734375	0.4447265625
1021.5	0.49951171875	0.456811523437
1024.9	0.0733154296875	0.0652587890625
1025.2	0.485009765625	0.451171875
1027.2	0.381079101562	0.346435546875
1027.4	0.0	0.0
1027.6	0.60908203125	0.543823242188
1027.7	0.526904296875	0.472119140625
1027.9	0.518041992188	0.474536132812
1028.1	0.0193359375	0.01611328125
1028.7	0.476953125	0.432641601562
1028.9	0.316625976562	0.2900390625
1029.3	0.0	0.0
1029.3	0.0064453125	0.0064453125
1029.8	0.476953125	0.42861328125
1031.4	0.456811523437	0.42216796875
1032.8	0.0024169921875	0.001611328125
1033.4	0.580883789062	0.476953125
1034.3	0.02578125	0.02255859375
1035.3	0.175634765625	0.156298828125
1036.3	0.0	0.0
1037.0	0.523681640625	0.478564453125
1037.2	0.50595703125	0.462451171875
1037.7	0.0	0.0
1038.0	0.61875	0.566381835938
1039.2	0.485815429687	0.45439453125
1040.6	0.0	0.0
1041.2	0.0	0.0
1043.5	0.0	0.0
1044.0	0.678369140625	0.610693359375
1044.9	0.314208984375	0.284399414062
1045.5	1.14887695313	0.74765625
1046.8	0.517236328125	0.472924804687
1047.3	0.0	0.0
1048.5	0.54140625	0.506762695312
1048.8	0.497900390625	0.456005859375
1049.8	0.57685546875	0.534155273438
1050.0	0.0	0.0
1051.5	0.0	0.0
1052.1	0.397998046875	0.365771484375
1052.4	0.175634765625	0.1546875
1052.9	0.0	0.0
1053.2	0.526098632813	0.491455078125
1054.3	0.0	0.0
1054.4	0.49951171875	0.466479492187
1054.4	0.765380859375	0.711401367187
1055.5	0.0	0.0
1056.2	0.487426757812	0.45439453125
1059.0	0.74765625	0.646142578125
1059.9	0.19658203125	0.174829101562
1061.1	0.0	0.0
1061.4	0.510791015625	0.475341796875
1062.5	0.0	0.0
1063.6	0.568798828125	0.528515625
1066.9	0.854809570312	0.732348632812
1068.7	1.379296875	0.0
1068.9	0.5091796875	0.461645507812
1069.6	0.0	0.0
1072.5	0.0	0.0
1073.2	0.53173828125	0.487426757812
1073.6	0.504345703125	0.46083984375
1073.7	0.497900390625	0.452783203125
1075.5	0.549462890625	0.507568359375
1076.3	0.0	0.0
1076.6	0.327099609375	0.296484375
1077.2	0.484204101562	0.436669921875
1078.2	0.4962890625	0.464868164062
1078.8	0.49951171875	0.4576171875
1080.1	0.0	0.0
1082.9	0.528515625	0.491455078125
1082.9	0.567993164062	0.53173828125
1083.1	0.0064453125	0.0064453125
1083.6	0.484204101562	0.44794921875
1084.5	0.77021484375	0.717846679687
1085.3	0.0	0.0
1087.5	0.0	0.0
1089.9	0.48984375	0.4576171875
1090.0	0.0	0.0
1090.9	0.745239257812	0.6703125
1092.6	0.200610351562	0.182080078125
1093.6	0.004833984375	0.0040283203125
1093.7	0.0	0.0
1097.9	0.0	0.0
1099.6	0.0	0.0
1100.3	0.0	0.0
1100.5	0.588940429687	0.543017578125
1102.7	0.024169921875	0.02255859375
1103.9	0.546240234375	0.484204101562
1105.4	0.0	0.0
1108.5	0.0	0.0
1110.5	0.475341796875	0.440698242187
1111.6	0.54140625	0.497094726562
1113.0	0.4833984375	0.451977539062
1113.0	0.683203125	0.623583984375
1116.3	0.0	0.0
1118.9	0.0	0.0
1119.6	0.517236328125	0.475341796875
1120.8	0.539794921875	0.476953125
1120.9	0.0	0.0
1122.0	0.0	0.0
1124.1	0.28037109375	0.2513671875
1124.3	0.0	0.0
1127.6	0.488232421875	0.45439453125
1128.0	0.543823242188	0.491455078125
1129.8	0.506762695312	0.46728515625
1132.2	0.749267578125	0.68642578125
1133.7	0.503540039062	0.461645507812
1136.3	0.552685546875	0.505151367187
1136.3	0.0	0.0
1137.9	0.5091796875	0.472924804687
1138.3	0.493872070312	0.4640625
1139.6	0.0	0.0
1141.4	0.4962890625	0.445532226562
1142.2	0.86044921875	0.785522460938
1142.8	0.0	0.0
1144.4	0.502734375	0.466479492187
1147.2	0.48984375	0.45439453125
1148.4	0.497900390625	0.451171875
1148.5	0.0	0.0
1148.8	0.0	0.0
1148.9	0.0	0.0
1153.2	0.638891601562	0.568798828125
1153.5	0.50595703125	0.4705078125
1153.7	0.0	0.0
1156.3	0.51240234375	0.466479492187
1157.8	0.515625	0.472119140625
1158.0	0.0410888671875	0.03544921875
1158.9	0.498706054687	0.448754882812
1159.5	0.0	0.0
1159.9	0.572827148437	0.530126953125
1160.3	0.536572265625	0.497900390625
1161.3	0.0	0.0
1161.6	0.0	0.0
1163.0	0.2900390625	0.258618164062
1165.5	0.0	0.0
1167.4	0.533349609375	0.491455078125
1167.7	0.547045898437	0.501123046875
1169.8	0.0	0.0
1173.0	0.012890625	0.0104736328125
1173.2	0.551879882812	0.498706054687
1173.6	0.580883789062	0.517236328125
1174.7	0.198193359375	0.175634765625
1175.5	0.0	0.0
1175.6	0.0	0.0
1177.3	0.066064453125	0.0588134765625
1177.6	1.05300292969	1.03930664062
1178.0	0.516430664062	0.46728515625
1179.5	0.0539794921875	0.04833984375
1181.3	0.515625	0.471313476562
1181.4	0.552685546875	0.51240234375
1181.6	0.0	0.0
1185.7	0.587329101562	0.536572265625
1186.8	0.0217529296875	0.0193359375
1187.1	0.0	0.0
1187.4	0.6123046875	0.559130859375
1187.4	0.0	0.0
1188.7	0.20625	0.187719726562
1191.4	0.54140625	0.50595703125
1191.7	0.5994140625	0.54462890625
1193.7	0.0	0.0
1196.5	0.0	0.0
1198.8	0.620361328125	0.433447265625
1199.5	0.61875	0.575244140625
1199.6	0.49951171875	0.4576171875
1201.3	0.326293945312	0.296484375
1201.8	0.513208007812	0.4705078125
1202.0	0.578466796875	0.522875976562
1202.4	0.50595703125	0.465673828125
1203.5	0.4962890625	0.458422851562
1203.9	0.0	0.0
1204.7	0.5091796875	0.46728515625
1208.0	0.0684814453125	0.059619140625
1209.1	0.608276367188	0.563159179687
1209.1	0.0	0.0
1209.6	0.014501953125	0.012890625
1209.7	0.4125	0.373828125
1211.0	0.858032226562	0.790356445312
1213.3	0.0072509765625	0.0064453125
1213.7	0.48984375	0.446337890625
1214.1	0.519653320312	0.476147460937
1214.2	0.5091796875	0.4640625
1214.6	0.0185302734375	0.0153076171875
1214.9	0.0	0.0
1215.2	0.020947265625	0.0185302734375
1216.3	0.143408203125	0.129711914062
1217.0	0.4962890625	0.451171875
1217.4	0.502734375	0.4576171875
1218.4	0.49306640625	0.458422851562
1218.6	0.0	0.0
1221.9	0.0	0.0
1223.1	0.0	0.0
1225.5	0.0	0.0
1226.0	0.0	0.0
1226.8	0.0	0.0
1227.3	0.497094726562	0.451171875
1227.7	0.0	0.0
1229.7	0.488232421875	0.443115234375
1230.0	0.514013671875	0.4705078125
1230.5	0.55107421875	0.504345703125
1230.9	0.476147460937	0.43828125
1232.0	0.0	0.0
1233.8	0.00322265625	0.00322265625
1237.3	0.329516601562	0.298095703125
1238.5	0.519653320312	0.475341796875
1240.4	0.518041992188	0.477758789062
1240.4	0.661450195312	0.596997070312
1243.2	0.507568359375	0.46728515625
1245.0	0.0024169921875	0.001611328125
1245.0	0.0040283203125	0.00322265625
1245.1	0.514013671875	0.472119140625
1245.9	0.0	0.0
1248.0	0.0	0.0
1249.4	0.0	0.0
1249.6	0.51240234375	0.4640625
1249.6	1.611328125	0.0
1250.5	0.515625	0.46728515625
1253.5	0.527709960938	0.477758789062
1253.5	0.0	0.0
1254.6	0.0	0.0
1256.0	0.510791015625	0.466479492187
1256.9	0.0427001953125	0.037060546875
1257.4	0.485009765625	0.43828125
1258.3	0.004833984375	0.00322265625
1260.6	0.478564453125	0.440698242187
1261.5	0.4962890625	0.446337890625
1261.7	0.02900390625	0.02578125
1263.8	0.0	0.0
1263.9	0.0	0.0
1265.6	0.51240234375	0.46728515625
1267.6	0.59619140625	0.548657226562
1270.1	0.49306640625	0.449560546875
1271.2	0.501123046875	0.456005859375
1272.2	0.500317382812	0.452783203125
1272.4	0.529321289062	0.484204101562
1274.0	0.502734375	0.462451171875
1274.1	0.513208007812	0.474536132812
1274.4	0.5478515625	0.50595703125
1275.0	0.568798828125	0.520458984375
1275.8	0.49951171875	0.45439453125
1277.7	0.201416015625	0.179663085937
1278.6	0.48662109375	0.43828125
1279.2	0.0	0.0
1282.1	0.969213867187	0.822583007812
1282.2	0.0	0.0
1283.8	0.0	0.0
1288.3	0.501123046875	0.468896484375
1288.5	0.249755859375	0.223974609375
1290.4	0.5091796875	0.462451171875
1290.6	0.0	0.0
1295.8	0.027392578125	0.024169921875
1295.9	0.0056396484375	0.004833984375
1297.7	0.0	0.0
1297.8	0.502734375	0.45439453125
1298.1	0.0	0.0
1298.2	0.505151367187	0.4640625
1299.1	0.103125	0.090234375
1304.8	0.526098632813	0.4833984375
1306.7	0.0	0.0
1308.2	0.0	0.0
1308.3	0.494677734375	0.451977539062
1308.5	0.510791015625	0.472119140625
1309.9	0.0	0.0
1311.2	0.046728515625	0.04189453125
1311.5	0.5349609375	0.488232421875
1313.6	0.0	0.0
1315.0	0.0	0.0
1315.4	0.427001953125	0.37705078125
1316.4	0.509985351563	0.466479492187
1316.6	0.001611328125	0.0008056640625
1317.3	0.0	0.0
1317.4	0.0	0.0
1318.6	0.536572265625	0.488232421875
1319.6	0.0	0.0
1321.0	0.5994140625	0.530126953125
1325.8	0.491455078125	0.452783203125
1327.3	0.798413085937	0.721069335938
1333.6	0.572021484375	0.516430664062
1333.7	0.0	0.0
1336.9	0.476953125	0.440698242187
1338.5	0.12890625	0.113598632812
1338.9	0.0	0.0
1341.4	0.842724609375	0.764575195312
1341.5	0.497900390625	0.462451171875
1341.7	0.395581054687	0.3609375
1343.5	0.466479492187	0.423779296875
1343.7	0.0	0.0
1344.2	0.0	0.0
1345.0	0.4705078125	0.422973632812
1345.1	0.526098632813	0.490649414062
1345.1	0.655810546875	0.607470703125
1345.7	0.596997070312	0.54462890625
1349.1	0.0314208984375	0.0314208984375
1350.1	0.563159179687	0.497900390625
1350.9	0.46083984375	0.4189453125
1354.8	0.162744140625	0.149047851562
1355.7	0.588134765625	0.549462890625
1355.9	0.38671875	0.35126953125
1355.9	0.0	0.0
1356.0	0.5349609375	0.488232421875
1357.0	0.0	0.0
1357.4	0.555102539062	0.507568359375
1359.1	0.030615234375	0.0265869140625
1360.2	0.595385742187	0.528515625
1361.8	0.075732421875	0.064453125
1363.3	0.50595703125	0.46728515625
1366.3	0.0	0.0
1368.0	0.449560546875	0.406860351562
1370.2	0.0	0.0
1370.3	0.0	0.0
1370.8	0.48017578125	0.447143554688
1371.4	0.590551757813	0.53818359375
1371.4	0.863671875	0.74765625
1371.9	0.0	0.0
1378.2	0.54140625	0.494677734375
1378.4	0.0427001953125	0.037060546875
1378.7	0.0362548828125	0.0322265625
1378.8	0.0	0.0
1379.1	0.487426757812	0.456005859375
1380.8	0.485815429687	0.452783203125
1381.1	0.475341796875	0.43505859375
1381.5	0.0	0.0
1384.7	0.471313476562	0.419750976562
1386.7	0.511596679688	0.46728515625
1387.4	0.0	0.0
1387.9	0.504345703125	0.47373046875
1390.0	0.5865234375	0.542211914063
1390.8	0.0	0.0
1391.9	0.497900390625	0.456811523437
1393.0	0.594580078125	0.543017578125
1394.0	0.5994140625	0.543017578125
1394.0	0.49951171875	0.4640625
1395.8	0.0	0.0
1395.9	0.0	0.0
1397.7	0.0104736328125	0.00966796875
1397.9	0.0	0.0
1400.8	0.173217773438	0.155493164062
1402.9	0.0	0.0
1403.8	0.485815429687	0.439086914062
1404.0	0.475341796875	0.433447265625
1404.6	0.49951171875	0.47373046875
1407.1	0.0	0.0
1409.1	0.0	0.0
1409.5	0.649365234375	0.605859375
1410.3	0.017724609375	0.014501953125
1415.3	0.0	0.0
1415.6	0.555908203125	0.516430664062
1416.4	0.829833984375	0.751684570312
1416.7	0.0	0.0
1417.9	1.02641601562	0.807275390625
1418.1	0.5220703125	0.482592773437
1419.0	0.03544921875	0.030615234375
1419.5	0.0	0.0
1420.2	0.516430664062	0.4705078125
1420.9	0.476953125	0.43828125
1421.6	0.5865234375	0.535766601562
1422.9	0.603442382812	0.543017578125
1426.1	0.0088623046875	0.0072509765625
1426.3	0.0	0.0
1426.4	0.480981445312	0.437475585937
1427.6	0.0	0.0
1429.3	0.0064453125	0.0064453125
1430.5	0.0	0.0
1431.4	0.48984375	0.449560546875
1432.4	0.11923828125	0.103125
1435.6	0.550268554688	0.50595703125
1438.3	0.517236328125	0.456005859375
1438.7	0.012890625	0.011279296875
1440.0	0.60263671875	0.563159179687
1440.8	0.456811523437	0.4189453125
1441.7	0.468896484375	0.43828125
1441.9	0.462451171875	0.425390625
1443.2	0.543823242188	0.49951171875
1443.3	0.0	0.0
1444.0	0.0	0.0
1445.0	0.0684814453125	0.064453125
1445.2	0.0322265625	0.02900390625
1447.4	0.425390625	0.38994140625
1447.5	0.558325195313	0.515625
1447.7	0.0	0.0
1449.1	0.534155273438	0.481787109375
1449.3	0.249755859375	0.219946289062
1449.4	0.503540039062	0.456811523437
1450.3	0.014501953125	0.012890625
1451.5	0.5865234375	0.543017578125
1451.9	0.650170898437	0.613110351562
1454.3	0.0	0.0
1454.8	0.1546875	0.136962890625
1455.7	0.0072509765625	0.004833984375
1455.7	0.0217529296875	0.017724609375
1458.6	0.4705078125	0.425390625
1460.0	0.4833984375	0.44150390625
1460.1	0.49951171875	0.452783203125
1461.5	0.0	0.0
1461.5	0.510791015625	0.472119140625
1466.1	0.4833984375	0.43828125
1466.7	0.5478515625	0.490649414062
1467.1	0.361743164062	0.3287109375
1467.5	0.478564453125	0.43828125
1468.7	0.04189453125	0.037060546875
1469.4	0.8701171875	0.755712890625
1470.8	0.0	0.0
1471.7	0.53173828125	0.48662109375
1473.3	0.0	0.0
1473.6	0.0	0.0
1474.6	0.55107421875	0.503540039062
1476.0	0.0	0.0
1476.7	0.49306640625	0.45439453125
1478.7	0.675952148437	0.614721679688
1479.2	0.57041015625	0.53173828125
1480.3	0.0	0.0
1481.4	0.0	0.0
1482.6	0.0	0.0
1484.6	0.4962890625	0.451171875
1485.8	0.0	0.0
1485.8	0.6123046875	0.513208007812
1485.9	0.0	0.0
1486.2	0.543017578125	0.4962890625
1486.9	0.0	0.0
1487.1	0.4833984375	0.443115234375
1488.5	0.494677734375	0.451171875
1488.9	0.012890625	0.011279296875
1489.2	0.605859375	0.551879882812
1491.6	0.0	0.0
1493.1	0.532543945312	0.502734375
1493.6	0.0	0.0
1494.7	0.51240234375	0.462451171875
1496.0	0.491455078125	0.436669921875
1497.1	0.0	0.0
1497.1	0.0064453125	0.004833984375
1498.0	0.0	0.0
1498.1	0.033837890625	0.02900390625
1499.8	0.0	0.0
1499.8	0.0	0.0
1502.1	0.509985351563	0.46083984375
1502.9	0.514013671875	0.4640625
1503.9	0.416528320312	0.00322265625
1504.1	0.0	0.0
1504.8	0.0	0.0
1505.5	0.666284179687	0.613916015625
1505.7	0.0	0.0
1505.9	0.0	0.0
1507.3	0.0201416015625	0.017724609375
1508.0	0.0	0.0
1508.2	0.19658203125	0.178051757812
1508.7	0.024169921875	0.020947265625
1509.3	0.040283203125	0.038671875
1509.6	0.613916015625	0.55751953125
1510.2	0.0	0.0
1511.2	0.0	0.0
1511.7	0.591357421875	0.53173828125
1512.2	0.917651367187	0.755712890625
1512.2	0.5349609375	0.493872070312
1512.7	0.5671875	0.526098632813
1514.1	0.646142578125	0.5865234375
1514.8	0.0	0.0
1515.1	0.0	0.0
1517.1	0.427001953125	0.388330078125
1518.1	0.02578125	0.0217529296875
1518.3	0.027392578125	0.024169921875
1520.7	0.0459228515625	0.040283203125
1520.7	0.0	0.0
1522.2	0.546240234375	0.501123046875
1523.4	0.017724609375	0.01611328125
1524.4	0.001611328125	0.0008056640625
1527.1	0.0	0.0
1527.4	0.730737304687	0.67998046875
1529.6	0.733154296875	0.681591796875
1530.2	0.0	0.0
1532.2	0.3158203125	0.28681640625
1534.8	0.0	0.0
1534.9	0.0	0.0
1535.0	0.0	0.0
1535.3	1.27294921875	0.1546875
1535.8	0.0	0.0
1536.8	0.52529296875	0.481787109375
1537.3	0.0	0.0
1537.8	0.48984375	0.44794921875
1539.1	0.493872070312	0.447143554688
1541.0	0.559130859375	0.517236328125
1542.4	0.515625	0.469702148437
1543.2	0.59296875	0.54462890625
1545.6	0.037060546875	0.0346435546875
1546.9	0.0	0.0
1548.3	0.43505859375	0.394775390625
1550.5	0.533349609375	0.478564453125
1550.7	0.0	0.0
1551.3	0.37060546875	0.33515625
1553.4	0.0	0.0
1555.2	0.00322265625	0.001611328125
1556.1	0.011279296875	0.0088623046875
1556.7	0.0	0.0
1556.7	0.481787109375	0.446337890625
1556.8	0.0	0.0
1557.3	0.478564453125	0.440698242187
1557.7	0.465673828125	0.423779296875
1558.8	0.572021484375	0.528515625
1559.8	0.597802734375	0.54462890625
1560.3	0.480981445312	0.436669921875
1561.1	0.543017578125	0.48984375
1563.5	0.48662109375	0.450366210937
1563.6	0.0185302734375	0.01611328125
1566.6	0.551879882812	0.514013671875
1568.2	0.70576171875	0.632446289062
1569.7	0.0193359375	0.014501953125
1572.0	1.51867675781	0.0
1572.1	0.07734375	0.069287109375
1572.7	0.4576171875	0.414111328125
1572.8	0.491455078125	0.455200195312
1574.5	1.07153320312	0.636474609375
1574.7	0.507568359375	0.465673828125
1575.4	0.0	0.0
1576.0	0.0	0.0
1576.3	0.5994140625	0.55751953125
1577.6	0.0	0.0
1578.9	0.0	0.0
1580.4	0.530126953125	0.493872070312
1581.7	0.49951171875	0.461645507812
1582.1	0.0	0.0
1582.3	0.012890625	0.00966796875
1583.5	0.497900390625	0.462451171875
1583.8	0.09990234375	0.088623046875
1585.2	0.0	0.0
1585.9	0.510791015625	0.471313476562
1590.0	0.482592773437	0.43505859375
1591.9	0.0	0.0
1594.4	0.4447265625	0.406860351562
1594.9	0.468090820312	0.425390625
1595.1	0.526098632813	0.488232421875
1596.4	0.0	0.0
1598.4	0.561547851562	0.516430664062
1598.4	0.0024169921875	0.001611328125
1599.8	0.0	0.0
1601.5	0.0451171875	0.038671875
1603.6	0.233642578125	0.211889648437
1605.4	0.585717773437	0.538989257812
1606.4	0.629223632812	0.57685546875
1606.8	0.7025390625	0.651782226562
1609.8	0.0	0.0
1613.5	0.605859375	0.57685546875
1615.1	0.501123046875	0.45439453125
1615.8	0.056396484375	0.0491455078125
1616.6	0.468896484375	0.2255859375
1617.0	0.469702148437	0.427807617187
1621.1	0.0	0.0
1621.3	0.0	0.0
1622.4	0.491455078125	0.450366210937
1626.1	0.0	0.0
1626.2	0.0	0.0
1627.1	0.02900390625	0.02578125
1629.7	0.292456054687	0.268286132812
1629.8	0.298901367187	0.270703125
1631.7	0.0	0.0
1634.9	0.085400390625	0.075732421875
1637.4	0.0	0.0
1639.2	0.0	0.0
1639.2	0.491455078125	0.4576171875
1644.0	0.575244140625	0.524487304687
1644.3	0.04189453125	0.0298095703125
1646.5	0.510791015625	0.4705078125
1649.8	0.02255859375	0.0193359375
1650.2	0.0	0.0
1650.9	0.0	0.0
1651.0	0.28037109375	0.24814453125
1652.3	0.600219726562	0.556713867187
1653.8	0.211083984375	0.189331054688
1654.8	0.3158203125	0.28359375
1656.9	0.0	0.0
1658.1	1.62341308594	0.0
1658.2	0.001611328125	0.0008056640625
1660.3	0.514013671875	0.475341796875
1661.4	0.480981445312	0.442309570312
1662.7	0.0	0.0
1664.8	0.185302734375	0.16435546875
1664.9	0.607470703125	0.56396484375
1665.8	0.491455078125	0.44794921875
1667.1	0.760546875	0.713012695312
1667.7	0.734765625	0.694482421875
1667.9	0.510791015625	0.468896484375
1669.8	0.0	0.0
1673.4	0.478564453125	0.445532226562
1675.0	0.0	0.0
1676.4	0.344018554687	0.309375
1677.0	0.484204101562	0.439892578125
1677.8	0.0	0.0
1678.3	0.4640625	0.4125
1678.9	0.569604492187	0.52529296875
1679.3	0.48017578125	0.442309570312
1679.5	0.0201416015625	0.0169189453125
1681.6	0.00322265625	0.00322265625
1682.8	0.6509765625	0.61875
1684.4	0.0	0.0
1685.7	0.546240234375	0.515625
1686.5	0.515625	0.46728515625
1687.2	0.5478515625	0.504345703125
1687.9	0.064453125	0.0580078125
1688.2	0.0	0.0
1688.7	0.0	0.0
1689.8	0.480981445312	0.4447265625
1693.9	0.515625	0.468090820312
1694.9	0.507568359375	0.4640625
1695.0	0.0024169921875	0.001611328125
1698.7	0.0	0.0
1700.0	0.0	0.0
1700.5	0.485009765625	0.445532226562
1700.7	0.4705078125	0.427807617187
1700.9	0.50595703125	0.46083984375
1704.4	0.0	0.0
1707.8	0.0	0.0
1708.3	0.637280273437	0.597802734375
1711.3	0.0	0.0
1713.5	0.56396484375	0.48984375
1713.8	0.0	0.0
1717.2	0.536572265625	0.4962890625
1717.2	0.514013671875	0.4705078125
1718.2	0.497094726562	0.45439453125
1718.6	0.569604492187	0.515625
1718.6	0.515625	0.4640625
1719.4	0.0008056640625	0.0
1719.8	0.53818359375	0.478564453125
1727.8	0.0	0.0
1730.8	0.0	0.0
1730.9	0.0	0.0
1731.0	0.504345703125	0.458422851562
1731.7	0.5865234375	0.530126953125
1734.3	0.497900390625	0.446337890625
1735.5	0.5349609375	0.490649414062
1744.5	0.0	0.0
1745.5	0.0	0.0
1747.8	0.528515625	0.491455078125
1750.5	0.004833984375	0.0040283203125
1750.7	0.60908203125	0.574438476563
1753.4	0.488232421875	0.443115234375
1754.3	0.0	0.0
1755.0	0.57685546875	0.536572265625
1756.6	0.584912109375	0.537377929687
1758.3	0.0	0.0
1758.5	0.48017578125	0.43828125
1765.5	0.339990234375	0.309375
1767.6	0.0	0.0
1771.0	0.605859375	0.554296875
1772.4	0.0	0.0
1774.5	0.571215820312	0.510791015625
1777.1	0.0	0.0
1799.4	0.48017578125	0.434252929687
1800.1	0.530932617187	0.481787109375
1800.2	0.659033203125	0.598608398438
1802.4	0.53173828125	0.487426757812
1803.9	0.0	0.0
1805.2	0.0	0.0
1807.8	0.520458984375	0.474536132812
1808.1	0.0	0.0
1809.5	0.591357421875	0.5220703125
1810.5	0.382690429688	0.352880859375
1813.0	0.0	0.0
1818.8	0.543017578125	0.500317382812
1822.5	0.130517578125	0.116821289062
1823.6	0.0	0.0
1823.9	0.493872070312	0.452783203125
1829.5	0.623583984375	0.600219726562
1830.3	0.48984375	0.449560546875
1835.5	0.49951171875	0.46728515625
1837.3	0.216723632812	0.194970703125
1841.4	0.0	0.0
1842.4	0.57685546875	0.5349609375
1843.7	0.0	0.0
1844.1	0.480981445312	0.443115234375
1845.4	0.0	0.0
1845.4	0.0	0.0
1849.3	0.468896484375	0.432641601562
1849.8	0.514013671875	0.468090820312
1852.5	0.48662109375	0.445532226562
1853.3	0.09990234375	0.0910400390625
1854.5	0.487426757812	0.443115234375
1854.6	0.0	0.0
1854.9	0.0	0.0
1856.2	0.543017578125	0.497900390625
1858.2	0.501123046875	0.455200195312
1858.2	0.04189453125	0.0362548828125
1858.5	0.02900390625	0.02578125
1859.9	0.497900390625	0.453588867187
1860.5	0.526904296875	0.485009765625
1862.5	0.581689453125	0.539794921875
1863.0	0.535766601562	0.49306640625
1863.8	0.427807617187	0.387524414062
1864.8	0.954711914062	0.851586914062
1865.2	0.5091796875	0.465673828125
1867.2	0.481787109375	0.425390625
1869.2	0.0	0.0
1870.1	0.501123046875	0.465673828125
1872.3	0.491455078125	0.451171875
1875.0	0.0	0.0
1879.5	0.507568359375	0.46728515625
1880.1	0.48984375	0.448754882812
1881.9	0.49306640625	0.4576171875
1882.3	0.0	0.0
1883.3	0.0	0.0
1885.3	0.0	0.0
1887.1	0.0	0.0
1887.5	0.6703125	0.60908203125
1888.2	0.178857421875	0.1611328125
1889.1	0.547045898437	0.508374023437
1889.3	0.942626953125	0.82177734375
1890.0	0.559130859375	0.510791015625
1890.4	0.665478515625	0.632446289062
1890.4	1.13518066406	0.811303710937
1891.4	0.146630859375	0.13212890625
1891.8	0.0	0.0
1892.1	0.0	0.0
1893.5	0.0837890625	0.07412109375
1893.7	0.4833984375	0.43828125
1894.9	0.475341796875	0.43505859375
1895.5	0.801635742188	0.719458007812
1898.5	0.48662109375	0.445532226562
1899.7	0.564770507812	0.50595703125
1900.9	0.04189453125	0.037060546875
1902.2	0.543017578125	0.497900390625
1902.3	0.472119140625	0.4318359375
1903.2	0.01611328125	0.0136962890625
1903.4	0.480981445312	0.44150390625
1905.3	0.5349609375	0.48984375
1911.2	0.0	0.0
1912.0	0.0	0.0
1912.8	0.530126953125	0.479370117188
1914.3	0.55107421875	0.502734375
1916.9	0.491455078125	0.44150390625
1919.5	0.0217529296875	0.0193359375
1920.6	0.451171875	0.41572265625
1920.7	0.611499023437	0.545434570312
1921.3	0.49951171875	0.455200195312
1921.3	0.439892578125	0.4060546875
1921.9	0.426196289062	0.38349609375
1923.3	0.504345703125	0.462451171875
1925.7	0.484204101562	0.44150390625
1927.4	0.5220703125	0.480981445312
1928.1	0.0	0.0
1928.4	0.53173828125	0.4833984375
1928.6	0.55107421875	0.500317382812
1929.3	0.0	0.0
1929.9	0.012890625	0.0120849609375
1930.4	0.50595703125	0.4576171875
1930.9	0.62197265625	0.562353515625
1931.0	0.0	0.0
1931.6	0.0064453125	0.004833984375
1933.6	0.485009765625	0.440698242187
1934.0	0.713818359375	0.657421875
1935.8	0.5220703125	0.477758789062
1936.0	0.965991210937	0.80888671875
1937.5	0.0	0.0
1938.4	0.001611328125	0.0008056640625
1941.0	0.0	0.0
1941.4	0.53173828125	0.484204101562
1941.4	0.69287109375	0.629223632812
1943.2	0.0	0.0
1946.8	0.0	0.0
1947.0	0.0	0.0
1949.1	1.45825195312	0.0
1950.0	0.0	0.0
1950.1	0.0	0.0
1954.9	0.0	0.0
1955.5	0.488232421875	0.439086914062
1957.0	0.0	0.0
1957.6	0.530126953125	0.48984375
1960.1	0.33837890625	0.310986328125
1961.1	0.35771484375	0.32548828125
1961.4	0.5671875	0.50595703125
1962.0	0.554296875	0.514013671875
1964.2	0.0	0.0
1964.6	0.51884765625	0.478564453125
1965.0	0.425390625	0.378662109375
1965.7	0.490649414062	0.4447265625
1965.8	0.5478515625	0.50595703125
1966.2	0.4833984375	0.445532226562
1967.4	0.0193359375	0.01611328125
1968.7	0.633251953125	0.563159179687
1972.0	0.062841796875	0.056396484375
1972.8	0.0	0.0
1978.1	0.5736328125	0.520458984375
1978.7	0.0	0.0
1979.6	0.480981445312	0.436669921875
1979.8	0.48984375	0.446337890625
1979.9	0.430224609375	0.394775390625
1979.9	0.54140625	0.4962890625
1981.0	0.543823242188	0.501123046875
1982.9	0.0	0.0
1982.9	0.0	0.0
1984.0	0.49951171875	0.46083984375
1985.8	0.69609375	0.6509765625
1988.5	0.15791015625	0.142602539063
1988.6	0.0	0.0
1990.4	0.219140625	0.198193359375
1990.8	1.37607421875	0.0
1994.4	0.0322265625	0.0298095703125
1997.8	0.0	0.0
1997.8	0.639697265625	0.561547851562
1997.9	0.0	0.0
2001.0	0.4833984375	0.447143554688
2003.5	0.9216796875	0.813720703125
2003.6	1.16579589844	0.684008789062
2005.6	0.497900390625	0.452783203125
2006.2	0.5736328125	0.5220703125
2009.0	0.503540039062	0.462451171875
2013.2	0.54140625	0.494677734375
2013.5	0.5994140625	0.530126953125
2016.3	0.0	0.0
2017.4	0.507568359375	0.462451171875
2017.5	0.0	0.0
2020.5	0.726708984375	0.67998046875
2023.8	0.54140625	0.500317382812
2025.5	0.497094726562	0.449560546875
2025.9	0.4962890625	0.449560546875
2028.9	0.0	0.0
2029.1	0.591357421875	0.532543945312
2030.0	0.513208007812	0.47373046875
2031.0	0.012890625	0.00966796875
2033.6	0.0024169921875	0.0024169921875
2033.9	0.58974609375	0.510791015625
2034.8	0.5865234375	0.535766601562
2034.8	0.584106445312	0.539794921875
2035.1	0.60908203125	0.555908203125
2037.1	0.494677734375	0.449560546875
2037.8	0.0	0.0
2038.5	0.53818359375	0.497094726562
2039.1	0.543823242188	0.4833984375
2041.4	0.749267578125	0.668701171875
2044.0	0.00966796875	0.0104736328125
2048.2	0.0	0.0
2048.7	0.51240234375	0.474536132812
2051.3	0.452783203125	0.4125
2054.1	0.481787109375	0.439086914062
2054.7	0.59619140625	0.542211914063
2055.1	0.0	0.0
2056.3	0.732348632812	0.671923828125
2057.3	0.01611328125	0.014501953125
2060.4	0.516430664062	0.475341796875
2060.4	0.495483398438	0.45439453125
2060.7	0.004833984375	0.00322265625
2061.9	0.410888671875	0.362548828125
2061.9	0.546240234375	0.484204101562
2062.0	0.537377929687	0.48662109375
2062.4	0.0	0.0
2063.2	0.26103515625	0.230419921875
2064.4	0.511596679688	0.469702148437
2065.0	0.552685546875	0.511596679688
2065.0	0.0	0.0
2065.2	0.368994140625	0.343212890625
2070.5	0.528515625	0.475341796875
2070.8	0.0	0.0
2071.8	0.510791015625	0.46728515625
2072.4	0.0	0.0
2073.9	0.0064453125	0.004833984375
2075.9	0.0	0.0
2077.6	0.0	0.0
2077.6	0.0	0.0
2078.5	0.623583984375	0.568798828125
2078.6	0.503540039062	0.456811523437
2078.9	0.51884765625	0.4705078125
2080.2	0.02578125	0.02255859375
2082.0	0.0	0.0
2082.4	0.0	0.0
2082.8	0.52529296875	0.497094726562
2083.0	0.0	0.0
2084.0	0.0	0.0
2087.2	0.44794921875	0.414111328125
2087.2	0.18369140625	0.167578125
2089.1	0.0	0.0
2089.5	0.498706054687	0.452783203125
2089.8	0.0	0.0
2091.1	0.08701171875	0.075732421875
2091.1	0.521264648437	0.463256835938
2093.1	0.48984375	0.446337890625
2094.2	0.0	0.0
2094.6	0.0	0.0
2094.6	0.0	0.0
2094.8	0.509985351563	0.461645507812
2095.0	0.20947265625	0.187719726562
2096.2	0.0	0.0
2096.2	0.509985351563	0.462451171875
2098.1	0.40283203125	0.368994140625
2100.2	0.501123046875	0.451977539062
2100.6	0.0	0.0
2101.1	0.0	0.0
2101.3	0.51240234375	0.4640625
2101.9	0.05478515625	0.04833984375
2103.7	0.014501953125	0.012890625
2104.6	0.258618164062	0.239282226562
2106.5	0.001611328125	0.001611328125
2107.1	0.528515625	0.468090820312
2111.6	0.171606445312	0.153076171875
2111.8	0.497900390625	0.4640625
2112.7	0.720263671875	0.67998046875
2112.8	0.528515625	0.485009765625
2113.0	0.0	0.0
2113.5	0.52529296875	0.577661132812
2114.8	0.0	0.0
2116.8	0.0072509765625	0.0064453125
2116.8	0.0024169921875	0.001611328125
2117.4	0.0	0.0
2117.8	0.574438476563	0.532543945312
2117.8	0.0	0.0
2117.9	0.0	0.0
2118.7	0.5478515625	0.51240234375
2118.7	0.5736328125	0.508374023437
2120.7	0.5220703125	0.476953125
2123.8	0.014501953125	0.012890625
2124.2	0.0	0.0
2130.8	0.105541992187	0.095068359375
2130.9	0.56396484375	0.5220703125
2131.5	0.442309570312	0.400415039062
2132.6	0.24169921875	0.220751953125
2133.1	0.572827148437	0.514013671875
2133.3	0.0	0.0
2134.7	0.465673828125	0.425390625
2135.4	0.510791015625	0.468090820312
2135.6	0.365771484375	0.327099609375
2140.4	0.5671875	0.534155273438
2140.6	0.0	0.0
2147.0	0.487426757812	0.439086914062
2147.9	0.559130859375	0.505151367187
2148.0	0.476953125	0.432641601562
2148.1	0.58974609375	0.53818359375
2151.2	0.546240234375	0.5091796875
2153.8	0.011279296875	0.00966796875
2154.0	0.459228515625	0.422973632812
2155.7	0.414916992188	0.0072509765625
2157.7	0.0	0.0
2158.9	0.539794921875	0.477758789062
2159.0	0.0	0.0
2160.0	0.507568359375	0.4576171875
2160.4	0.0	0.0
2163.4	0.0	0.0
2165.0	0.0	0.0
2165.9	0.497900390625	0.456005859375
2166.6	0.582495117188	0.535766601562
2168.0	0.578466796875	0.523681640625
2169.5	0.5349609375	0.476953125
2171.7	0.404443359375	0.365771484375
2173.0	0.0	0.0
2173.3	0.507568359375	0.46728515625
2173.5	0.243310546875	0.220751953125
2174.3	0.0	0.01611328125
2174.6	0.0	0.0
2175.8	0.1095703125	0.0974853515625
2177.2	0.02900390625	0.024169921875
2179.2	0.7927734375	0.762158203125
2182.0	0.315014648437	0.287622070312
2182.1	0.502734375	0.4576171875
2183.4	0.605859375	0.5671875
2184.0	0.0	0.0
2189.2	0.524487304687	0.462451171875
2190.0	0.00966796875	0.008056640625
2191.0	0.530932617187	0.490649414062
2192.2	0.160327148437	0.140185546875
2196.0	0.810498046875	0.721875
2197.4	0.0	0.0
2198.0	0.985327148437	0.755712890625
2198.6	0.0	0.0
2202.4	0.51884765625	0.468896484375
2203.2	0.365771484375	0.330322265625
2204.6	0.0	0.0
2208.5	0.0	0.0
2210.4	0.02255859375	0.0193359375
2211.3	0.48017578125	0.443115234375
2211.5	0.0	0.0
2213.7	0.546240234375	0.501123046875
2214.8	0.0040283203125	0.00322265625
2216.9	0.0	0.0
2217.1	0.51884765625	0.46728515625
2218.6	0.0	0.0
2219.5	0.479370117188	0.435864257812
2220.8	0.466479492187	0.42861328125
2220.9	0.172412109375	0.153076171875
2221.1	0.303735351562	0.274731445312
2222.8	0.516430664062	0.475341796875
2224.1	0.580078125	0.529321289062
2224.6	0.5220703125	0.476953125
2226.4	0.646948242187	0.581689453125
2226.6	0.534155273438	0.488232421875
2228.7	0.61875	0.574438476563
2234.2	0.0	0.0
2237.2	0.0	0.0
2237.4	1.09650878906	0.864477539062
2239.1	0.0	0.0
2239.5	0.0974853515625	0.08701171875
2239.9	0.214306640625	0.191748046875
2240.3	0.558325195313	0.502734375
2240.7	0.0	0.0
2244.3	0.0330322265625	0.02900390625
2245.1	0.555908203125	0.50595703125
2245.4	0.0	0.0
2245.7	0.526904296875	0.48017578125
2246.5	0.548657226562	0.490649414062
2247.8	0.01611328125	0.014501953125
2249.2	0.54140625	0.48662109375
2251.9	0.73798828125	0.666284179687
2252.7	0.514013671875	0.4705078125
2254.9	0.0	0.0
2255.2	0.0475341796875	0.04189453125
2255.5	0.484204101562	0.468896484375
2256.2	0.493872070312	0.452783203125
2256.4	0.536572265625	0.490649414062
2257.0	0.52529296875	0.481787109375
2257.4	0.5349609375	0.490649414062
2257.9	0.0	0.0
2259.3	0.515625	0.465673828125
2259.7	0.48984375	0.433447265625
2260.3	0.5349609375	0.49306640625
2262.7	0.492260742187	0.423779296875
2263.8	0.530126953125	0.482592773437
2267.3	0.48984375	0.44794921875
2269.1	0.672729492188	0.636474609375
2270.1	0.48017578125	0.435864257812
2270.6	0.0	0.0
2270.9	0.477758789062	0.433447265625
2271.6	0.524487304687	0.481787109375
2277.0	0.0	0.0
2277.3	0.0	0.464868164062
2277.7	0.522875976562	0.485815429687
2281.1	0.488232421875	0.451171875
2283.5	0.0	0.0
2283.5	0.652587890625	0.608276367188
2283.9	0.491455078125	0.45439453125
2288.0	0.549462890625	0.504345703125
2288.2	0.0	0.0
2288.3	0.491455078125	0.456005859375
2291.6	0.48662109375	0.4447265625
2292.2	0.0	0.0
2294.8	0.474536132812	0.433447265625
2298.7	0.156298828125	0.141796875
2303.4	0.0	0.0
2304.3	0.572021484375	0.466479492187
2304.5	0.7669921875	0.693676757812
2304.5	0.0	0.0
2305.1	0.485009765625	0.43828125
2306.2	0.631640625	0.548657226562
2307.0	0.0	0.0
2307.4	0.0330322265625	0.0281982421875
2307.6	0.0	0.0
2307.6	0.0	0.0
2309.9	0.542211914063	0.509985351563
2314.9	0.02578125	0.020947265625
2316.0	0.474536132812	0.436669921875
2316.9	0.609887695312	0.563159179687
2317.0	0.5671875	0.52529296875
2318.5	0.584912109375	0.543017578125
2321.4	0.0	0.0
2322.5	0.0	0.0
2322.7	0.497094726562	0.46083984375
2323.7	0.48662109375	0.443115234375
2324.6	0.536572265625	0.485009765625
2333.2	0.529321289062	0.485815429687
2336.8	0.402026367187	0.362548828125
2339.8	0.33515625	0.300512695312
2339.9	0.0	0.0
2340.3	0.529321289062	0.4833984375
2341.2	0.530932617187	0.489038085937
2341.3	0.516430664062	0.476147460937
2343.3	0.515625	0.466479492187
2344.7	0.45439453125	0.419750976562
2344.9	0.062841796875	0.056396484375
2345.3	0.559130859375	0.510791015625
2346.1	0.037060546875	0.0330322265625
2346.2	0.495483398438	0.449560546875
2346.6	0.0	0.0
2346.9	1.60004882812	0.0
2347.7	0.365771484375	0.332739257812
2349.9	0.0	0.0
2350.0	0.471313476562	0.435864257812
2351.1	0.513208007812	0.46083984375
2351.2	0.248950195312	0.228002929687
2352.7	0.0	0.0
2354.7	0.0	0.0
2355.0	0.0	0.0
2355.2	0.478564453125	0.4318359375
2355.7	0.515625	0.468896484375
2355.7	0.658227539062	0.601025390625
2356.0	0.0	0.0
2356.4	0.02255859375	0.0193359375
2358.3	0.0193359375	0.01611328125
2359.3	0.520458984375	0.472924804687
2360.3	0.50595703125	0.468896484375
2360.5	0.445532226562	0.4060546875
2367.6	0.60908203125	0.565576171875
2370.4	0.427001953125	0.385913085937
2371.3	0.5220703125	0.474536132812
2371.5	0.564770507812	0.516430664062
2372.6	0.0	0.0
2373.9	0.52529296875	0.478564453125
2374.1	0.02255859375	0.0193359375
2375.1	0.479370117188	0.431030273438
2375.5	0.498706054687	0.4576171875
2377.4	0.0	0.0
2378.9	0.48662109375	0.445532226562
2379.8	0.0	0.0
2380.3	0.530126953125	0.48984375
2380.8	0.012890625	0.0104736328125
2382.1	0.136962890625	0.1224609375
2382.3	0.535766601562	0.487426757812
2384.6	0.484204101562	0.443115234375
2385.7	0.0	0.0
2386.1	0.468896484375	0.427001953125
2387.4	0.0	0.0
2391.5	0.0	0.0
2393.5	0.0362548828125	0.0314208984375
2393.8	0.4125	0.378662109375
2395.0	0.514013671875	0.47373046875
2396.0	0.537377929687	0.4962890625
2398.2	0.546240234375	0.498706054687
2399.9	0.0	0.0
2400.9	0.62841796875	0.579272460937
2401.0	0.155493164062	0.139379882812
2401.6	0.574438476563	0.532543945312
2403.4	0.42216796875	0.38671875
2403.9	0.526098632813	0.48662109375
2404.0	0.0	0.0
2404.0	0.7283203125	0.648559570312
2404.9	0.407666015625	0.371411132812
2406.5	0.510791015625	0.475341796875
2408.0	0.348852539062	0.320654296875
2408.6	0.507568359375	0.460034179687
2409.3	0.0	0.0
2410.7	0.642114257812	0.594580078125
2412.2	0.008056640625	0.0072509765625
2412.7	0.62197265625	0.5478515625
2412.9	0.01611328125	0.012890625
2413.7	0.478564453125	0.440698242187
2415.5	0.0	0.0
2415.6	0.1998046875	0.178857421875
2415.9	0.497900390625	0.456005859375
2419.0	0.580078125	0.51884765625
2419.2	0.485815429687	0.44150390625
2420.7	0.0	0.0
2422.0	0.0	0.0
2424.1	0.683203125	0.649365234375
2424.5	0.4962890625	0.447143554688
2425.8	0.0	0.0
2425.9	0.0	0.0
2427.6	0.0	0.0
2431.4	0.014501953125	0.012890625
2436.0	0.509985351563	0.468896484375
2437.0	0.537377929687	0.497900390625
2439.2	0.630029296875	0.57685546875
2440.3	1.01997070313	0.797607421875
2441.7	1.2568359375	0.13212890625
2442.3	0.537377929687	0.501123046875
2442.5	0.0	0.0
2442.9	0.48017578125	0.427807617187
2443.5	0.3802734375	0.346435546875
2444.2	0.0	0.0
2447.1	0.482592773437	0.439086914062
2447.8	0.0	0.0
2448.3	0.00966796875	0.0072509765625
2449.1	0.830639648437	0.742016601562
2449.3	0.0	0.0
2449.5	0.688842773438	0.630834960937
2449.6	0.535766601562	0.491455078125
2450.5	0.590551757813	0.553491210937
2451.7	0.491455078125	0.45439453125
2454.7	0.0	0.0
2457.3	0.210278320312	0.193359375
2459.7	0.001611328125	0.001611328125
2461.0	0.515625	0.471313476562
2461.4	0.924096679687	0.80888671875
2462.1	0.0	0.0
2462.4	0.0	0.0
2463.6	0.0	0.0
2464.3	0.54462890625	0.504345703125
2465.7	0.48984375	0.447143554688
2466.4	0.4640625	0.416528320312
2466.9	0.0	0.0
2468.7	0.475341796875	0.445532226562
2469.4	0.504345703125	0.4576171875
2469.5	0.0	0.0
2469.8	0.488232421875	0.451171875
2471.2	0.0	0.0
2473.6	0.487426757812	0.4447265625
2474.3	0.3029296875	0.2771484375
2474.4	0.0	0.0
2474.7	0.0	0.0
2476.5	0.524487304687	0.4833984375
2477.2	0.0	0.0
2478.8	0.0298095703125	0.02578125
2479.1	0.0	0.0
2479.3	0.0	0.0
2480.7	0.464868164062	0.432641601562
2481.8	0.509985351563	0.46728515625
2482.5	0.571215820312	0.5091796875
2484.0	0.0	0.0
2485.1	0.414111328125	0.37705078125
2485.4	0.487426757812	0.446337890625
2486.1	0.0064453125	0.004833984375
2486.4	0.0	0.0
2487.0	0.5478515625	0.515625
2487.3	0.0	0.0
2487.6	0.0	0.0
2487.6	0.0	0.0
2487.8	0.0	0.0
2489.3	0.55751953125	0.478564453125
2489.4	0.49951171875	0.456811523437
2489.6	0.631640625	0.57685546875
2490.3	0.0	0.0
2491.4	0.700927734375	0.623583984375
2493.1	0.0	0.0
2495.8	0.0	0.0
2496.8	0.485009765625	0.44794921875
2498.3	0.520458984375	0.471313476562
2498.5	0.58974609375	0.543823242188
2498.8	0.399609375	0.356909179687
2498.9	0.55751953125	0.5091796875
2500.4	0.697705078125	0.653393554687
2501.1	0.0	0.0
2501.5	0.578466796875	0.522875976562
2501.9	0.555102539062	0.502734375
2501.9	0.0	0.0
2502.0	0.492260742187	0.451171875
2504.2	0.0	0.0
2504.3	0.0	0.0
2504.7	0.0	0.0
2505.5	0.0	0.0
2507.1	0.515625	0.472924804687
2509.2	0.0	0.0
2512.2	0.488232421875	0.45439453125
2513.4	0.477758789062	0.443115234375
2516.3	0.07734375	0.07734375
2517.0	0.497900390625	0.447143554688
2518.6	0.500317382812	0.453588867187
2518.8	0.488232421875	0.4576171875
2519.5	0.0700927734375	0.064453125
2520.4	0.479370117188	0.43505859375
2521.1	0.554296875	0.502734375
2521.2	0.0	0.0
2522.2	0.605859375	0.548657226562
2522.7	0.739599609375	0.69609375
2524.6	0.468896484375	0.423779296875
2527.6	0.323876953125	0.298095703125
2528.9	0.594580078125	0.54462890625
2534.3	0.507568359375	0.468090820312
2534.9	0.697705078125	0.62841796875
2535.7	0.0	0.0
2536.5	0.0	0.0
2537.2	0.993383789062	0.842724609375
2538.4	0.0	0.0
2538.7	0.54462890625	0.49951171875
2539.5	0.8314453125	0.725903320312
2541.9	0.0	0.0
2542.2	0.52529296875	0.48662109375
2544.3	0.49951171875	0.455200195312
2544.4	0.0	0.0
2545.1	0.67998046875	0.626806640625
2545.3	0.456005859375	0.3931640625
2547.9	0.373828125	0.336767578125
2548.3	0.012890625	0.00966796875
2549.0	0.515625	0.4705078125
2549.7	0.57041015625	0.51884765625
2552.6	0.0064453125	0.0056396484375
2553.0	0.41572265625	0.375439453125
2554.7	0.493872070312	0.45439453125
2555.8	0.0	0.0
2555.9	0.0	0.0
2556.8	0.49951171875	0.451171875
2559.6	0.043505859375	0.05478515625
2561.1	1.04172363281	0.83466796875
2562.8	0.6251953125	0.563159179687
2564.0	0.546240234375	0.50595703125
2567.2	0.510791015625	0.466479492187
2568.3	0.56396484375	0.517236328125
2570.5	0.0	0.0
2571.5	0.0	0.0
2571.9	0.185302734375	0.162744140625
2572.2	0.787939453125	0.73154296875
2572.6	0.5091796875	0.46728515625
2572.8	0.0	0.0
2574.1	0.716235351562	0.651782226562
2574.2	0.484204101562	0.432641601562
2574.5	0.476953125	0.434252929687
2574.7	0.0	0.0
2576.2	0.422973632812	0.384301757812
2577.2	0.506762695312	0.468090820312
2577.7	0.252978515625	0.229614257812
2577.8	0.0	0.44150390625
2579.2	0.4060546875	0.349658203125
2580.5	0.0	0.0
2581.0	0.34482421875	0.317431640625
2581.4	0.49951171875	0.459228515625
2583.5	0.004833984375	0.00322265625
2585.2	0.0	0.0
2586.2	0.515625	0.476953125
2586.9	0.55751953125	0.514013671875
2587.8	0.532543945312	0.49306640625
2587.9	0.488232421875	0.439892578125
2588.1	0.329516601562	0.302124023438
2589.8	0.607470703125	0.559130859375
2592.2	0.688037109375	0.623583984375
2593.2	0.0	0.0
2593.3	0.062841796875	0.05478515625
2593.6	0.0	0.0
2594.0	0.543017578125	0.4962890625
2594.6	0.230419921875	0.207861328125
2594.8	0.0	0.0
2595.0	0.504345703125	0.46728515625
2596.3	0.51240234375	0.465673828125
2596.6	0.133740234375	0.11923828125
2597.7	0.497094726562	0.455200195312
2598.0	0.490649414062	0.446337890625
2600.7	0.517236328125	0.471313476562
2601.0	0.587329101562	0.533349609375
2601.5	0.48662109375	0.436669921875
2602.1	0.543823242188	0.48662109375
2602.6	0.516430664062	0.472924804687
2603.8	0.0	0.0
2603.9	0.0	0.0
2605.2	0.530126953125	0.48662109375
2605.7	0.478564453125	0.432641601562
2607.3	0.559130859375	0.516430664062
2609.4	0.556713867187	0.516430664062
2613.0	0.563159179687	0.51240234375
2613.3	0.509985351563	0.460034179687
2614.8	0.0	0.0
2615.1	0.556713867187	0.51240234375
2616.7	0.493872070312	0.452783203125
2617.7	0.49951171875	0.45439453125
2619.2	0.692065429687	0.634057617187
2619.8	0.520458984375	1.1923828125
2620.5	0.0	0.0
2621.4	0.0	0.0
2622.5	0.51884765625	0.481787109375
2626.0	0.498706054687	0.458422851562
2627.6	0.129711914062	0.117626953125
2627.8	0.543823242188	0.498706054687
2628.0	0.0	0.0
2628.6	0.0	0.0
2630.7	0.0	0.0
2631.2	0.0	0.0
2632.2	0.0	0.0
2633.3	0.478564453125	0.434252929687
2633.5	0.52529296875	0.477758789062
2635.3	0.0	0.0
2635.4	0.348852539062	0.313403320312
2636.8	0.507568359375	0.465673828125
2638.8	0.0	0.0
2639.7	0.425390625	0.0580078125
2641.5	0.578466796875	0.532543945312
2641.9	0.0	0.0
2641.9	0.6638671875	0.640502929688
2642.7	0.581689453125	0.532543945312
2645.7	0.0	0.0
2648.4	0.50595703125	0.458422851562
2648.8	0.0	0.0
2650.8	0.4833984375	0.443115234375
2651.0	1.27053222656	0.20302734375
2653.0	0.480981445312	0.43828125
2656.8	0.49306640625	0.450366210937
2659.0	0.0	0.0
2661.0	0.545434570312	0.517236328125
2662.0	0.52529296875	0.472119140625
2662.1	0.484204101562	0.440698242187
2662.3	0.0	0.0
2662.8	0.0	0.0
2663.3	0.53173828125	0.48017578125
2663.4	0.52529296875	0.468896484375
2664.6	0.507568359375	0.462451171875
2664.8	1.6306640625	0.0
2665.2	0.497900390625	0.4576171875
2665.5	0.508374023437	0.4640625
2668.0	0.559130859375	0.506762695312
2668.1	0.17724609375	0.15791015625
2668.7	0.287622070312	0.2578125
2668.8	0.479370117188	0.439892578125
2669.4	0.523681640625	0.478564453125
2670.8	0.49951171875	0.451977539062
2671.4	0.5091796875	0.456005859375
2672.0	0.0	0.0
2672.3	0.55107421875	0.502734375
2676.2	0.482592773437	0.43828125
2676.5	0.788745117187	0.708984375
2676.5	0.0	0.0
2677.1	0.0	0.00322265625
2677.7	1.62260742187	0.0
2678.5	0.4833984375	0.443115234375
2679.3	0.489038085937	0.44150390625
2680.6	0.524487304687	0.474536132812
2680.9	0.024169921875	0.020947265625
2680.9	0.0072509765625	0.0056396484375
2681.4	0.0	0.0
2682.1	0.0	0.0
2682.2	0.552685546875	0.504345703125
2682.7	0.03544921875	0.0298095703125
2684.4	0.0	0.0
2685.5	0.004833984375	0.004833984375
2687.3	0.476953125	0.432641601562
2692.0	0.0	0.0
2693.6	0.791967773437	0.684814453125
2694.2	0.0	0.0
2694.3	0.116015625	0.104736328125
2694.5	0.236059570312	0.211083984375
2694.9	0.53173828125	0.480981445312
2696.9	0.511596679688	0.468896484375
2698.8	0.0	0.0
2698.9	0.0	0.0
2699.6	0.50595703125	0.465673828125
2702.4	0.48662109375	0.437475585937
2702.8	0.0	0.0
2707.3	1.01030273437	0.826611328125
2707.9	0.464868164062	0.421362304687
2708.8	0.536572265625	0.489038085937
2709.4	0.0394775390625	0.033837890625
2709.6	0.501123046875	0.456005859375
2710.1	0.02578125	0.046728515625
2712.7	0.379467773437	0.34482421875
2712.9	0.0	0.0
2713.2	0.70576171875	0.634057617187
2713.2	0.0	0.0
2715.0	0.468896484375	0.436669921875
2715.6	0.0104736328125	0.00966796875
2715.7	0.365771484375	0.332739257812
2716.9	0.09345703125	0.082177734375
2719.9	0.0	0.0
2720.8	0.591357421875	0.54462890625
2723.8	0.0	0.0
2724.6	0.0	0.0
2724.7	0.53818359375	0.494677734375
2724.8	0.51884765625	0.472119140625
2725.3	0.0	0.0
2727.1	0.0	0.0
2730.5	0.51884765625	0.468896484375
2732.2	0.0	0.0
2733.2	0.528515625	0.485009765625
2734.7	0.0	0.0
2736.0	1.12470703125	0.739599609375
2736.8	0.0169189453125	0.014501953125
2736.9	0.317431640625	0.300512695312
2739.2	0.0	0.0
2742.0	0.4318359375	0.390747070312
2743.6	0.516430664062	0.476953125
2744.1	0.440698242187	0.405249023437
2744.1	0.0523681640625	0.0475341796875
2744.4	0.0	0.0
2746.0	0.484204101562	0.446337890625
2750.1	0.520458984375	0.472924804687
2750.8	0.563159179687	0.51884765625
2750.9	0.522875976562	0.476147460937
2751.2	1.01916503906	0.78310546875
2752.7	0.310180664062	0.28359375
2752.8	0.476953125	0.425390625
2753.0	0.0	0.0
2754.2	0.0684814453125	0.06123046875
2755.0	0.0	0.0
2755.5	0.528515625	0.485009765625
2756.4	0.0	0.0
2757.0	0.509985351563	0.469702148437
2758.3	0.545434570312	0.507568359375
2758.6	0.0	0.0
2758.8	0.458422851562	0.420556640625
2761.9	0.0	0.0
2762.0	0.0	0.0
2765.2	0.559130859375	0.503540039062
2765.3	0.0	0.0
2765.6	0.56396484375	0.514013671875
2765.8	0.617138671875	0.558325195313
2766.7	0.0	0.0
2769.7	0.58974609375	0.54462890625
2770.1	0.11279296875	0.101513671875
2771.2	0.58330078125	0.52529296875
2771.9	0.555908203125	0.513208007812
2772.2	0.562353515625	0.523681640625
2774.9	0.639697265625	0.57685546875
2774.9	0.55751953125	0.53173828125
2775.2	0.503540039062	0.455200195312
2775.8	0.0708984375	0.0636474609375
2775.8	0.024169921875	0.0217529296875
2776.3	0.604248046875	0.53173828125
2777.1	0.60908203125	0.5607421875
2777.7	0.0	0.0
2777.7	0.500317382812	0.453588867187
2777.9	0.5736328125	0.524487304687
2778.8	0.567993164062	0.517236328125
2779.0	0.0	0.0
2779.7	0.0	0.0
2780.1	0.601831054687	0.559936523438
2781.3	0.0	0.0
2783.2	0.0	0.0
2783.4	0.0	0.0
2784.9	0.0	0.0
2788.7	0.636474609375	0.580883789062
2790.5	0.011279296875	0.00966796875
2791.8	0.0459228515625	0.04189453125
2792.1	0.0	0.0
2792.3	0.4640625	0.421362304687
2793.6	0.487426757812	0.449560546875
2793.9	0.0	0.0
2794.5	0.503540039062	0.4705078125
2796.0	0.746044921875	0.67353515625
2798.5	0.0	0.0
2799.0	0.04189453125	0.0346435546875
2802.4	0.493872070312	0.436669921875
2803.4	0.501123046875	0.456005859375
2805.8	0.0	0.0
2806.4	0.507568359375	0.4576171875
2806.8	0.48662109375	0.446337890625
2808.4	0.0	0.0
2811.9	0.5736328125	0.509985351563
2812.3	0.561547851562	0.510791015625
2813.4	0.49951171875	0.44794921875
2815.3	0.0	0.0
2816.5	0.276342773437	0.244921875
2816.5	0.0	0.0
2817.9	0.52529296875	0.481787109375
2818.2	0.458422851562	0.416528320312
2820.3	0.0024169921875	0.0
2820.7	0.593774414062	0.542211914063
2821.6	0.038671875	0.0322265625
2822.3	0.0	0.0
2823.0	0.0	0.0
2823.7	1.63388671875	0.0
2823.9	0.0322265625	0.02900390625
2824.3	0.001611328125	0.0008056640625
2828.3	0.1546875	0.13857421875
2828.8	0.52529296875	0.48017578125
2830.3	0.4833984375	0.42861328125
2830.4	0.507568359375	0.464868164062
2831.1	0.991772460937	0.86044921875
2833.0	0.038671875	0.033837890625
2834.2	0.487426757812	0.448754882812
2837.0	0.004833984375	0.0040283203125
2838.0	0.33837890625	0.303735351562
2838.5	0.576049804688	0.53818359375
2840.7	0.0	0.0
2841.4	0.57041015625	0.526098632813
2842.2	0.509985351563	0.472924804687
2842.5	0.28359375	0.25458984375
2842.7	0.513208007812	0.476953125
2843.3	0.639697265625	0.603442382812
2843.4	0.0	0.0
2843.6	0.0	0.0
2846.8	0.550268554688	0.507568359375
2846.9	0.0265869140625	0.024169921875
2847.3	0.0	0.0
2847.6	0.0	0.0
2848.1	0.500317382812	0.456811523437
2849.3	0.458422851562	0.42216796875
2849.3	0.4962890625	0.4576171875
2850.0	0.495483398438	0.45439453125
2851.5	0.540600585937	0.495483398438
2852.4	0.524487304687	0.488232421875
2852.4	0.464868164062	0.42216796875
2855.1	0.5220703125	0.480981445312
2857.5	0.0	0.0
2858.3	0.0	0.0
2859.0	0.0	0.0
2859.6	0.17724609375	0.1611328125
2859.9	0.484204101562	0.44794921875
2860.3	0.0	0.0
2860.4	0.2126953125	0.190942382812
2863.3	0.501928710938	0.460034179687
2866.7	0.577661132812	0.509985351563
2868.9	0.529321289062	0.49306640625
2869.0	0.193359375	0.17724609375
2869.7	1.04575195312	0.8056640625
2870.8	0.505151367187	0.4705078125
2872.0	0.48662109375	0.442309570312
2873.0	0.515625	0.479370117188
2874.6	0.484204101562	0.43828125
2874.7	0.532543945312	0.489038085937
2875.7	0.0	0.0
2875.9	0.494677734375	0.465673828125
2876.7	0.510791015625	0.46728515625
2877.6	0.79921875	0.734765625
2877.7	0.542211914063	0.4833984375
2878.9	0.562353515625	0.4962890625
2879.0	0.008056640625	0.0064453125
2879.1	0.485009765625	0.455200195312
2879.4	0.0	0.0
2881.0	0.502734375	0.4576171875
2881.8	0.0	0.0
2882.4	0.481787109375	0.434252929687
2882.5	0.0	0.0
2886.3	0.543823242188	0.49951171875
2887.2	0.0	0.0
2887.4	0.552685546875	0.510791015625
2888.0	0.839501953125	0.745239257812
2888.7	0.0	0.0
2891.2	0.5607421875	0.513208007812
2891.4	0.597802734375	0.554296875
2892.0	0.0	0.0
2892.2	0.0	0.0
2894.1	0.008056640625	0.0072509765625
2894.5	0.508374023437	0.4640625
2895.2	0.0	0.0
2896.0	0.67998046875	0.640502929688
2896.8	0.62197265625	0.5607421875
2898.3	0.00322265625	0.0024169921875
2900.0	0.28681640625	0.256201171875
2900.2	0.116015625	0.103125
2901.9	0.0	0.0
2902.5	0.481787109375	0.436669921875
2904.1	0.74443359375	0.688037109375
2904.5	0.5994140625	0.55751953125
2906.8	0.0539794921875	0.049951171875
2908.2	0.0	0.0
2908.8	0.591357421875	0.539794921875
2909.1	0.725903320312	0.671923828125
2909.3	1.62341308594	0.0
2909.7	0.545434570312	0.48984375
2910.0	0.0193359375	0.01611328125
2911.4	0.0451171875	0.038671875
2911.6	0.517236328125	0.472924804687
2912.1	0.0	0.0
2915.6	0.523681640625	0.488232421875
2915.7	0.0136962890625	0.012890625
2916.8	0.488232421875	0.448754882812
2917.8	0.554296875	0.514013671875
2918.2	0.0	0.0
2919.8	0.0	0.0
2919.8	0.552685546875	0.515625
2919.9	0.729931640625	0.6703125
2920.8	0.523681640625	0.477758789062
2921.1	0.497094726562	0.455200195312
2921.4	0.472924804687	0.433447265625
2921.5	0.0	0.0
2923.0	0.0040283203125	0.00322265625
2923.5	0.0	0.0
2924.7	0.453588867187	0.417333984375
2925.1	0.033837890625	0.0298095703125
2929.4	0.57041015625	0.514013671875
2930.0	0.520458984375	0.48017578125
2931.6	0.630029296875	0.578466796875
2933.1	0.482592773437	0.43828125
2933.7	0.024169921875	0.020947265625
2935.1	0.517236328125	0.478564453125
2936.4	0.5736328125	0.515625
2936.7	0.0	0.0
2939.1	0.0	0.0
2942.1	0.6380859375	0.584912109375
2942.6	0.01611328125	0.012890625
2944.1	0.53173828125	0.4833984375
2947.2	0.0	0.0
2947.6	0.0	0.0
2948.6	0.0	0.0
2948.7	0.02578125	0.02255859375
2953.7	0.02578125	0.02255859375
2954.5	0.0	0.0
2956.1	0.0	0.0
2957.0	0.0	0.0
2957.7	0.61552734375	0.48662109375
2961.1	0.0	0.0
2961.1	0.146630859375	0.13212890625
2961.7	0.528515625	0.49306640625
2962.3	0.526098632813	0.47373046875
2962.4	0.4125	0.374633789062
2963.9	0.514013671875	0.4640625
2964.2	0.0	0.0
2965.2	0.504345703125	0.458422851562
2966.5	0.63486328125	0.572021484375
2969.4	0.0	0.0
2970.6	0.498706054687	0.459228515625
2970.8	0.385107421875	0.346435546875
2971.1	0.502734375	0.462451171875
2971.8	0.70576171875	0.6509765625
2972.4	0.469702148437	0.425390625
2976.2	0.46728515625	0.426196289062
2976.2	0.1353515625	0.120849609375
2978.0	0.492260742187	0.447143554688
2981.6	0.004833984375	0.004833984375
2982.7	0.507568359375	0.4705078125
2983.4	0.497094726562	0.451977539062
2983.8	0.551879882812	0.507568359375
2984.8	0.6123046875	0.571215820312
2988.3	0.0	0.0
2988.3	0.649365234375	0.578466796875
2989.1	0.2513671875	0.226391601562
2989.4	0.745239257812	0.674340820312
2990.6	0.472924804687	0.436669921875
2991.9	0.518041992188	0.4705078125
2992.5	0.485009765625	0.452783203125
2997.4	0.0	0.0
2998.0	0.574438476563	0.524487304687
2998.7	0.49951171875	0.456005859375
2999.0	0.0	0.0
3000.2	0.326293945312	0.298095703125
3000.2	0.0	0.0
3001.3	0.0	0.0
3001.3	0.477758789062	0.431030273438
3001.6	0.527709960938	0.476953125
3002.1	0.494677734375	0.45439453125
3003.0	0.02578125	0.0217529296875
3003.2	0.358520507812	0.330322265625
3006.4	0.5091796875	0.472119140625
3009.6	0.0	0.0
3010.1	0.0	0.0
3014.3	0.0	0.0
3016.0	0.0	0.0
3016.3	0.0	0.501123046875
3016.5	0.515625	0.46728515625
3016.7	0.497094726562	0.4640625
3017.3	0.593774414062	0.549462890625
