72.5	0.0	0.0
73.8	0.987744140625	0.0
76.5	0.008056640625	0.0
77.1	1.224609375	0.0
78.5	0.22880859375	0.0
79.2	0.0	0.0
83.6	0.0	0.0
84.6	1.21010742187	0.0
85.5	0.0201416015625	0.0
86.4	0.0	0.0
87.2	1.0119140625	0.0
87.9	0.0684814453125	0.0
88.4	0.168383789062	0.0
88.8	0.0	0.0
89.0	0.31259765625	0.0
90.7	0.767797851562	0.0
91.0	1.11987304688	0.0
91.6	0.0	0.0
91.9	0.762158203125	0.0
92.7	0.53818359375	0.0
94.6	1.30678710937	0.0
94.7	1.25119628906	0.0
97.0	0.0193359375	0.0
97.0	1.15209960938	0.0
97.6	0.951489257812	0.0
98.1	0.0	0.0
98.6	0.0	0.0
99.3	0.9732421875	0.0
101.1	1.17788085937	0.0
101.6	1.21010742187	0.0
103.3	0.998217773437	0.0
104.0	0.377856445312	0.0
105.3	1.00063476562	0.0
109.2	0.5478515625	0.0
109.4	0.0346435546875	0.0
112.4	0.977270507812	0.0
112.8	1.10939941406	0.0
113.0	0.0056396484375	0.0
113.1	0.0072509765625	0.0
115.0	0.734765625	0.0
115.3	0.01611328125	0.0
115.9	2.14467773438	0.0
115.9	0.014501953125	0.0
117.8	0.47373046875	0.0
118.0	1.13840332031	0.0
118.1	0.765380859375	0.0
118.2	0.462451171875	0.0
119.6	0.0	0.0
121.0	0.35126953125	0.0
122.6	1.095703125	0.0
125.0	1.13759765625	0.0
125.2	1.1666015625	0.0
126.2	1.63872070312	0.0
127.3	1.37607421875	0.0
129.3	0.0	0.0
129.9	1.10295410156	0.0
132.9	1.00949707031	0.0
135.3	0.0	0.0
135.5	1.09006347656	0.0
136.2	0.994995117188	0.0
136.4	0.027392578125	0.0
138.7	1.09489746094	0.0
138.9	1.198828125	0.0
139.3	1.22299804687	0.0
139.4	0.33193359375	0.0
140.3	1.05703125	0.0
140.4	0.0	0.0
143.0	1.06589355469	0.0
144.6	1.00788574219	0.0
145.3	0.601025390625	0.0
145.6	0.820166015625	0.0
146.2	0.0	0.0
146.3	0.0	0.0
146.6	1.64919433594	0.0
147.5	1.21494140625	0.0
148.0	1.27778320312	0.0
150.0	1.01110839844	0.0
151.1	1.02883300781	0.0
151.4	0.0	0.0
151.8	0.993383789062	0.0
153.8	0.0	0.0
154.6	1.17062988281	0.0
155.8	0.407666015625	0.0
156.8	0.0	0.0
157.3	1.01755371094	0.0
159.9	1.198828125	0.0
160.2	0.562353515625	0.0
160.2	0.846752929687	0.0
163.6	0.9474609375	0.0
165.3	0.746044921875	0.0
165.7	0.02578125	0.0
166.3	0.0	0.0
167.5	1.07314453125	0.0
167.9	0.027392578125	0.0
169.7	0.0	0.0
170.0	1.02963867187	0.0
170.9	1.03366699219	0.0
171.3	0.214306640625	0.0
174.5	0.0	0.0
174.7	1.06669921875	0.0
175.1	1.02319335938	0.0
175.6	1.0828125	0.0
178.2	1.095703125	0.0
178.4	0.425390625	0.0
178.6	0.0040283203125	0.0
179.9	0.791162109375	0.0
181.5	1.78374023437	0.0
181.9	1.19157714844	0.0
182.6	1.21010742187	0.0
183.4	1.18835449219	0.0
185.6	1.15854492187	0.0
187.0	0.0	0.0
187.2	1.01271972656	0.0
187.9	0.994995117188	0.0
189.1	0.0	0.0
190.9	0.45439453125	0.0
193.7	0.0	0.0
193.8	0.24169921875	0.0
195.6	0.968408203125	0.0
197.7	0.0	0.0
198.7	0.3287109375	0.0
199.6	0.336767578125	0.0
201.2	1.04011230469	0.0
201.3	1.50578613281	0.0
202.9	1.03688964844	0.0
202.9	0.0	0.0
203.8	0.0	0.0
204.2	0.0153076171875	0.0
204.3	0.9796875	0.0
204.7	1.10053710938	0.0
205.5	0.0040283203125	0.0
206.4	1.08361816406	0.0
207.3	0.203833007812	0.0
208.2	0.00322265625	0.0
208.7	1.13759765625	0.0
208.8	1.11342773437	0.0
209.3	0.941015625	0.0
214.2	0.0	0.0
215.2	1.07314453125	0.0
217.9	0.391552734375	0.0
218.0	0.0	0.0
218.7	1.36801757812	0.0
220.1	0.9796875	0.0
222.2	0.0	0.0
223.3	0.736376953125	0.0
224.1	1.04252929687	0.0
224.4	0.0	0.0
225.3	0.131323242187	0.0
228.8	0.837890625	0.0
229.1	1.51545410156	0.0
230.0	1.22541503906	0.0
230.4	0.001611328125	0.0
231.7	0.0	0.0
232.8	1.11906738281	0.0
233.2	1.02561035156	0.0
234.3	1.13840332031	0.0
239.4	0.98935546875	0.0
240.9	1.01916503906	0.0
241.6	1.14001464844	0.0
242.2	1.00627441406	0.0
242.2	1.06508789062	0.0
243.0	0.0	0.0
243.4	0.117626953125	0.0
244.2	0.0	0.0
246.0	0.030615234375	0.0
246.4	1.11181640625	0.0
247.2	0.550268554688	0.0
247.8	1.39057617187	0.0
249.3	0.555102539062	0.0
249.5	1.14565429687	0.0
251.3	0.236865234375	0.0
252.4	1.44777832031	0.0
254.4	0.0	0.0
256.0	0.0	0.0
256.1	0.0	0.0
256.3	0.0	0.0
257.2	1.08039550781	0.0
257.6	1.07958984375	0.0
257.9	1.04011230469	0.0
259.2	0.988549804687	0.0
259.4	0.17080078125	0.0
261.3	1.15209960938	0.0
264.8	0.02900390625	0.0
265.8	0.497900390625	0.0
265.9	1.02883300781	0.0
271.3	0.02255859375	0.0
272.5	1.1279296875	0.0
272.6	1.06025390625	0.0
274.9	1.02722167969	0.0
275.1	0.808081054687	0.0
275.9	1.01997070313	0.0
277.2	0.816137695312	0.0
277.8	2.13500976562	0.0
278.2	0.956323242187	0.0
279.8	0.0	0.0
280.0	1.15693359375	0.0
281.5	1.27778320312	0.0
282.4	1.06105957031	0.0
282.5	0.959545898437	0.0
282.6	0.958740234375	0.0
283.0	1.77084960937	0.0
283.0	0.915234375	0.0
284.8	1.04011230469	0.0
285.2	0.0	0.0
287.0	1.30437011719	0.0
288.5	0.143408203125	0.0
289.1	1.05461425781	0.0
289.6	0.477758789062	0.0
290.0	0.0	0.0
290.0	1.10295410156	0.0
290.2	2.13017578125	0.0
293.4	1.17788085937	0.0
295.2	1.16176757812	0.0
295.9	0.13857421875	0.0
296.0	1.9013671875	0.0
296.4	1.13759765625	0.0
298.2	1.02963867187	0.0
298.5	1.13034667969	0.0
300.5	0.468896484375	0.0
302.7	0.98291015625	0.0
302.8	0.0	0.0
303.2	0.012890625	0.0
303.6	0.0	0.0
303.7	0.0	0.0
304.1	0.0	0.0
304.6	1.14887695313	0.0
304.8	0.99580078125	0.0
305.4	0.198193359375	0.0
305.5	0.236865234375	0.0
305.5	0.06767578125	0.0
307.1	0.425390625	0.0
309.5	1.00949707031	0.0
310.6	1.39621582031	0.0
310.9	1.1859375	0.0
311.4	0.0	0.0
313.3	1.018359375	0.0
316.0	0.365771484375	0.0
316.5	1.13034667969	0.0
316.9	1.20124511719	0.0
320.4	0.0	0.0
320.6	0.0	0.0
321.8	0.0	0.0
322.4	0.974047851562	0.0
323.1	0.103125	0.0
324.8	1.17143554687	0.0
327.9	0.0	0.0
330.2	0.0539794921875	0.0
336.7	1.13276367188	0.0
336.9	0.946655273438	0.0
338.6	0.94423828125	0.0
339.4	0.0	0.0
340.5	0.0	0.0
341.3	2.11889648438	0.0
341.7	1.13759765625	0.0
342.3	0.0	0.0
343.8	1.02802734375	0.0
346.9	0.0	0.0
347.2	0.943432617187	0.0
347.6	1.74748535156	0.0
352.9	0.0	0.0
353.3	0.2126953125	0.0
353.3	0.60263671875	0.0
356.8	1.18754882812	0.0
357.1	1.36962890625	0.0
358.8	0.0	0.0
359.0	0.932958984375	0.0
359.3	0.854809570312	0.0
360.4	0.0	0.0
360.5	1.10778808594	0.0
360.7	0.945849609375	0.0
361.0	1.19802246094	0.0
362.6	1.10053710938	0.0
365.8	0.268286132812	0.0
366.2	0.330322265625	0.0
367.0	0.0	0.0
369.1	0.9603515625	0.0
369.1	1.069921875	0.0
369.2	0.088623046875	0.0
369.5	1.03205566406	0.0
369.9	0.0	0.0
371.3	0.969213867187	0.0
371.3	0.794384765625	0.0
371.8	0.0	0.0
372.0	0.77666015625	0.0
374.9	1.17465820312	0.0
375.6	0.0	0.0
375.6	0.3416015625	0.0
378.2	1.78696289062	0.0
379.8	0.02578125	0.0
380.1	1.04091796875	0.0
380.4	0.0	0.0
380.7	1.13920898437	0.0
381.4	0.678369140625	0.0
381.6	0.0	0.0
385.0	0.0	0.0
388.6	1.17062988281	0.0
388.7	0.926513671875	0.0
390.3	1.49772949219	0.0
391.3	1.30598144531	0.0
391.7	1.02802734375	0.0
392.2	1.09892578125	0.0
392.6	0.0322265625	0.0
395.4	1.36882324219	0.0
395.4	1.15532226562	0.0
395.8	1.22058105469	0.0
395.8	0.40283203125	0.0
397.9	0.38349609375	0.0
397.9	0.983715820312	0.0
398.5	1.069921875	0.0
398.9	0.0064453125	0.0
401.7	0.02578125	0.0
402.1	0.88623046875	0.0
405.8	0.13212890625	0.0
406.6	0.0	0.0
406.9	1.24475097656	0.0
410.1	0.0024169921875	0.0
411.2	0.476147460937	0.0
412.9	0.0	0.0
413.2	1.15048828125	0.0
414.0	0.324682617187	0.0
414.9	0.915234375	0.0
415.0	0.00966796875	0.0
415.3	1.24072265625	0.0
415.7	1.13598632812	0.0
417.6	1.03930664062	0.0
418.3	0.314208984375	0.0
419.3	1.1794921875	0.0
419.4	0.020947265625	0.0
420.0	0.0	0.0
420.6	0.9732421875	0.0
421.2	1.01030273437	0.0
423.9	1.01594238281	0.0
424.7	1.16901855469	0.0
425.2	1.26892089844	0.0
426.6	1.29711914062	0.0
427.1	1.2310546875	0.0
432.1	1.147265625	0.0
432.3	1.07958984375	0.0
432.5	1.22541503906	0.0
432.7	0.0	0.0
434.7	0.001611328125	0.0
436.4	0.0	0.0
437.7	0.783911132812	0.0
438.7	0.378662109375	0.0
440.2	1.06750488281	0.0
440.4	1.04655761719	0.0
441.4	1.09328613281	0.0
443.2	0.0	0.0
444.1	0.949072265625	0.0
446.2	1.09086914062	0.0
446.7	1.15935058594	0.0
447.7	1.07072753906	0.0
448.6	0.0	0.0
449.6	0.98291015625	0.0
450.5	0.80244140625	0.0
451.1	1.05219726563	0.0
452.2	0.484204101562	0.0
453.0	0.06767578125	0.0
454.0	0.0	0.0
454.1	0.181274414062	0.0
455.4	1.17385253906	0.0
455.6	0.974853515625	0.0
456.7	0.450366210937	0.0
460.8	1.42360839844	0.0
461.4	0.0	0.0
461.8	1.26408691406	0.0
462.3	0.0837890625	0.0
463.9	0.0	0.0
464.3	0.046728515625	0.0
465.1	0.0	0.0
466.7	0.0410888671875	0.0
467.5	1.49692382812	0.0
468.6	1.00546875	0.0
469.1	0.059619140625	0.0
470.0	0.014501953125	0.0
470.2	1.03608398438	0.0
471.2	0.0	0.0
472.0	1.21655273438	0.0
472.3	1.02883300781	0.0
472.3	0.11279296875	0.0
473.2	0.0	0.0
473.3	0.580078125	0.0
474.2	1.00949707031	0.0
477.2	0.97646484375	0.0
478.3	1.15209960938	0.0
478.5	1.07475585937	0.0
480.6	2.08505859375	0.0
481.4	0.99580078125	0.0
481.9	1.01513671875	0.0
482.0	0.014501953125	0.0
483.1	0.0	0.0
483.3	1.09086914062	0.0
483.7	2.10520019531	0.0
483.7	0.0	0.0
483.9	0.9732421875	0.0
484.4	0.0580078125	0.0
484.6	0.02255859375	0.0
484.7	0.974047851562	0.0
486.6	0.5349609375	0.0
486.8	1.24797363281	0.0
486.9	0.059619140625	0.0
488.7	1.24152832031	0.0
488.8	1.04736328125	0.0
489.5	0.987744140625	0.0
490.4	0.554296875	0.0
491.4	1.16418457031	0.0
495.6	1.09409179687	0.0
495.6	0.0	0.0
499.7	0.42861328125	0.0
502.3	1.03286132812	0.0
503.2	0.0	0.0
504.1	1.2375	0.0
504.8	0.394775390625	0.0
505.5	1.11987304688	0.0
506.6	0.0	0.0
506.6	1.08684082031	0.0
508.0	0.559936523438	0.0
510.8	1.00224609375	0.0
510.9	1.12954101562	0.0
511.2	0.475341796875	0.0
511.7	0.0	0.0
511.9	0.0	0.0
514.1	0.78310546875	0.0
515.6	0.95068359375	0.0
518.6	0.9990234375	0.0
520.4	0.0	0.0
520.9	0.0	0.0
521.5	0.0	0.0
522.4	1.06669921875	0.0
522.6	1.11181640625	0.0
523.9	1.19479980469	0.0
525.3	0.0	0.0
526.1	1.35834960937	0.0
527.2	0.972436523437	0.0
527.2	1.06669921875	0.0
527.6	0.906372070312	0.0
530.4	1.07958984375	0.0
532.4	1.29147949219	0.0
534.1	1.13034667969	0.0
534.8	0.0	0.0
534.9	1.198828125	0.0
536.0	0.278759765625	0.0
537.3	1.02158203125	0.0
537.6	0.0	0.0
538.1	1.01594238281	0.0
540.1	1.198828125	0.0
543.0	0.856420898437	0.0
543.1	0.0	0.0
543.7	0.990161132812	0.0
543.7	1.01433105469	0.0
545.0	0.403637695312	0.0
545.3	0.08701171875	0.0
545.9	0.027392578125	0.0
546.1	1.05139160156	0.0
549.3	0.024169921875	0.0
549.3	0.0	0.0
550.2	0.0	0.0
550.5	0.0781494140625	0.0
551.2	1.18432617188	0.0
553.1	1.86430664062	0.0
553.7	1.08442382813	0.0
554.0	1.08361816406	0.0
555.6	0.020947265625	0.0
556.6	1.44697265625	0.0
557.7	0.8958984375	0.0
559.5	1.04011230469	0.0
561.2	1.01755371094	0.0
562.7	0.0	0.0
562.9	0.0	0.0
563.8	0.0	0.0
563.9	0.0	0.0
565.0	1.38493652344	0.0
565.8	0.37705078125	0.0
566.6	1.32209472656	0.0
567.9	1.06750488281	0.0
570.1	1.11665039063	0.0
570.7	0.00322265625	0.0
571.2	1.02802734375	0.0
572.7	0.082177734375	0.0
572.9	0.807275390625	0.0
573.1	1.04091796875	0.0
573.4	0.697705078125	0.0
574.4	0.0056396484375	0.0
575.3	1.54929199219	0.0
575.6	1.53720703125	0.0
575.6	0.0	0.0
577.0	0.939404296875	0.0
577.2	0.57041015625	0.0
577.8	1.3470703125	0.0
578.9	0.0	0.0
581.3	1.018359375	0.0
581.4	1.16176757812	0.0
582.2	0.994995117188	0.0
584.4	0.0	0.0
585.4	1.01997070313	0.0
585.5	0.372216796875	0.0
585.6	0.012890625	0.0
586.4	0.0	0.0
590.3	1.59521484375	0.0
590.4	1.19077148437	0.0
591.7	1.14807128906	0.0
592.2	0.974853515625	0.0
596.5	0.314208984375	0.0
597.9	1.12551269531	0.0
598.3	1.11181640625	0.0
599.2	2.12292480469	0.0
600.4	0.0	0.0
601.6	1.00546875	0.0
602.1	1.18029785156	0.0
602.4	0.4318359375	0.0
603.4	0.0	0.0
611.4	0.0	0.0
611.5	1.11181640625	0.0
613.4	0.0	0.0
614.1	1.18352050781	0.0
614.5	1.01030273437	0.0
614.9	1.03930664062	0.0
617.2	0.0	0.0
618.6	0.246533203125	0.0
619.3	0.988549804687	0.0
624.1	1.18916015625	0.0
624.3	1.06105957031	0.0
625.3	0.426196289062	0.0
625.4	0.95712890625	0.0
626.9	0.988549804687	0.0
627.5	0.0555908203125	0.0
627.6	0.01611328125	0.0
628.5	1.21735839844	0.0
629.7	0.153076171875	0.0
630.3	1.01030273437	0.0
630.9	1.08361816406	0.0
632.9	0.0	0.0
633.5	0.472119140625	0.0
635.3	0.107958984375	0.0
635.9	0.038671875	0.0
636.0	1.26892089844	0.0
638.1	0.913623046875	0.0
639.5	0.803247070312	0.0
639.7	1.0505859375	0.0
640.5	1.02722167969	0.0
640.8	0.958740234375	0.0
641.5	0.0	0.0
642.6	1.17465820312	0.0
645.7	1.10456542969	0.0
646.9	1.18271484375	0.0
647.0	1.20205078125	0.0
647.3	0.0	0.0
648.8	0.0	0.0
650.0	1.28986816406	0.0
650.2	1.16579589844	0.0
650.4	0.0	0.0
653.1	1.40185546875	0.0
655.8	1.19479980469	0.0
656.5	1.19560546875	0.0
656.8	0.0	0.0
657.3	1.30759277344	0.0
658.5	1.12390136719	0.0
659.0	0.0	0.0
659.3	1.03044433594	0.0
659.5	1.19721679688	0.0
660.2	1.26730957031	0.0
661.7	0.008056640625	0.0
663.1	1.54606933594	0.0
664.5	0.967602539062	0.0
664.9	0.136962890625	0.0
665.3	0.017724609375	0.0
665.7	0.408471679687	0.0
668.9	0.038671875	0.0
669.3	0.80888671875	0.0
670.7	0.0	0.0
671.1	0.707373046875	0.0
671.2	0.0	0.0
671.8	0.0	0.0
672.9	1.00305175781	0.0
675.3	0.659033203125	0.0
681.0	0.150659179688	0.0
682.2	0.957934570312	0.0
682.7	0.80244140625	0.0
683.2	1.28503417969	0.0
683.3	0.23525390625	0.0
683.4	1.31323242188	0.0
683.4	0.0	0.0
685.7	0.595385742187	0.0
687.9	1.14001464844	0.0
688.3	1.29067382812	0.0
688.7	0.742016601562	0.0
689.3	0.30615234375	0.0
691.4	0.348046875	0.0
691.6	1.19399414062	0.0
694.4	1.09892578125	0.0
695.3	0.451977539062	0.0
695.9	0.298095703125	0.0
698.9	0.0	0.0
701.3	0.117626953125	0.0
701.9	1.16740722656	0.0
702.6	0.0	0.0
702.7	1.19560546875	0.0
702.7	1.11665039063	0.0
703.4	1.14645996094	0.0
704.0	0.997412109375	0.0
704.8	1.14484863281	0.0
707.4	0.001611328125	0.0
707.4	0.885424804687	0.0
708.5	0.0	0.0
709.6	1.26730957031	0.0
710.8	0.004833984375	0.0
711.1	1.03930664062	0.0
711.9	0.992578125	0.0
713.7	1.03688964844	0.0
715.5	1.14645996094	0.0
715.9	0.7154296875	0.0
718.5	0.0	0.0
720.2	1.37768554688	0.0
720.4	0.0193359375	0.0
720.6	1.12067871094	0.0
720.6	1.38654785156	0.0
721.5	0.2384765625	0.0
721.7	2.14064941406	0.0
722.5	0.0088623046875	0.0
723.2	0.998217773437	0.0
724.7	0.954711914062	0.0
724.8	0.103125	0.0
727.0	0.95068359375	0.0
727.9	1.28745117187	0.0
729.2	1.16176757812	0.0
731.2	1.04252929687	0.0
731.7	0.993383789062	0.0
732.4	0.6703125	0.0
734.3	1.17707519531	0.0
734.9	0.024169921875	0.0
735.5	0.0	0.0
735.6	1.01513671875	0.0
736.8	1.93520507812	0.0
737.3	0.0	0.0
741.0	1.11342773437	0.0
743.2	0.29326171875	0.0
743.8	0.012890625	0.0
746.3	0.0	0.0
748.1	0.515625	0.0
748.3	1.18754882812	0.0
748.4	1.044140625	0.0
749.0	1.00144042969	0.0
750.0	1.14001464844	0.0
751.2	1.06911621094	0.0
752.2	0.606665039063	0.0
752.9	1.08442382813	0.0
756.8	0.0	0.0
757.5	1.11906738281	0.0
757.6	0.723486328125	0.0
758.4	0.0	0.0
759.1	1.06105957031	0.0
759.2	0.0	0.0
760.0	1.18190917969	0.0
761.2	1.31806640625	0.0
763.0	1.17224121094	0.0
764.0	1.39782714844	0.0
764.9	0.0	0.0
765.3	0.8701171875	0.0
767.1	0.41572265625	0.0
767.4	1.1021484375	0.0
768.7	0.0	0.0
769.8	1.12712402344	0.0
769.9	0.339990234375	0.0
770.1	0.2384765625	0.0
771.1	0.275537109375	0.0
773.3	0.0	0.0
774.5	0.414111328125	0.0
775.5	0.397998046875	0.0
777.8	1.15773925781	0.0
778.8	0.0	0.0
779.6	0.012890625	0.0
780.3	1.34626464844	0.0
781.6	1.54848632812	0.0
782.6	1.2052734375	0.0
783.3	1.41474609375	0.0
784.4	1.301953125	0.0
785.0	0.0652587890625	0.0
786.7	0.887841796875	0.0
787.0	0.48017578125	0.0
787.2	1.12470703125	0.0
790.1	1.25764160156	0.0
791.1	1.24555664062	0.0
792.2	0.0	0.0
792.5	0.0088623046875	0.0
792.5	0.0	0.0
792.9	0.526904296875	0.0
793.2	1.1537109375	0.0
794.0	0.9603515625	0.0
795.0	1.37043457031	0.0
796.6	0.974853515625	0.0
800.9	1.10698242187	0.0
801.4	1.00546875	0.0
804.3	1.05703125	0.0
806.5	0.928125	0.0
806.8	0.0708984375	0.0
811.2	0.0185302734375	0.0
811.3	0.02255859375	0.0
814.3	0.0555908203125	0.0
814.5	0.977270507812	0.0
815.3	0.123266601562	0.0
815.5	0.871728515625	0.0
817.1	0.0	0.0
817.2	0.0193359375	0.0
817.5	1.32531738281	0.0
820.9	0.987744140625	0.0
822.0	1.56057128906	0.0
822.4	0.925708007812	0.0
823.8	0.992578125	0.0
823.8	1.01674804687	0.0
824.5	0.9861328125	0.0
824.6	1.17868652344	0.0
824.6	0.0	0.0
827.2	0.288427734375	0.0
828.3	0.978076171875	0.0
828.6	0.801635742188	0.0
830.4	0.846752929687	0.0
830.7	1.12229003906	0.0
830.9	1.02238769531	0.0
831.8	1.3083984375	0.0
832.0	1.04897460937	0.0
835.2	1.09167480469	0.0
836.2	0.00966796875	0.0
836.7	1.3083984375	0.0
837.2	0.0	0.0
838.9	1.07958984375	0.0
839.1	0.60908203125	0.0
839.5	1.06508789062	0.0
839.5	0.350463867188	0.0
839.8	0.93134765625	0.0
842.1	0.897509765625	0.0
843.7	1.33256835937	0.0
844.1	1.07314453125	0.0
844.6	0.00322265625	0.0
846.2	0.9732421875	0.0
847.1	0.95390625	0.0
847.6	1.16015625	0.0
847.9	0.265869140625	0.0
848.6	0.296484375	0.0
848.9	1.0505859375	0.0
850.3	1.03527832031	0.0
851.4	0.485009765625	0.0
851.9	0.0	0.0
853.1	0.0	0.0
853.2	0.0	0.0
853.5	0.392358398437	0.0
853.6	0.946655273438	0.0
853.8	0.12890625	0.0
854.9	0.11923828125	0.0
855.3	0.0	0.0
856.4	0.0	0.0
856.8	0.0	0.0
857.1	1.13115234375	0.0
861.6	1.09086914062	0.0
862.3	0.98935546875	0.0
863.4	0.928930664062	0.0
864.8	1.01916503906	0.0
867.7	1.33337402344	0.0
868.1	0.636474609375	0.0
868.2	1.50095214844	0.0
868.3	1.2310546875	0.0
868.9	0.0	0.0
869.4	0.0	0.0
869.8	1.19560546875	0.0
871.3	0.037060546875	0.0
872.3	0.41572265625	0.0
873.5	1.2310546875	0.0
875.8	1.22138671875	0.0
877.5	0.765380859375	0.0
881.2	0.0	0.0
881.9	1.09086914062	0.0
886.2	0.012890625	0.0
886.8	1.03125	0.0
887.1	0.46083984375	0.0
893.7	1.06105957031	0.0
894.7	1.15854492187	0.0
894.8	1.40104980469	0.0
897.7	1.0248046875	0.0
898.2	0.075732421875	0.0
899.3	0.0	0.0
899.7	0.069287109375	0.0
900.2	1.04091796875	0.0
901.0	0.02255859375	0.0
902.3	0.0193359375	0.0
902.8	0.0	0.0
904.6	0.972436523437	0.0
904.8	0.517236328125	0.0
907.2	0.996606445312	0.0
907.9	0.1095703125	0.0
908.7	0.4447265625	0.0
909.2	1.02963867187	0.0
910.8	0.708984375	0.0
911.7	1.16901855469	0.0
912.1	1.17626953125	0.0
914.7	1.21091308594	0.0
916.4	1.1021484375	0.0
916.7	1.0119140625	0.0
918.5	0.0072509765625	0.0
919.7	1.06428222656	0.0
923.1	0.87333984375	0.0
923.2	0.837890625	0.0
924.5	0.0	0.0
925.5	0.0064453125	0.0
926.1	0.643725585937	0.0
927.3	0.133740234375	0.0
927.4	0.391552734375	0.0
928.2	1.14001464844	0.0
929.6	0.0	0.0
929.7	1.19399414062	0.0
930.3	0.017724609375	0.0
931.4	0.0	0.0
931.8	1.44052734375	0.0
934.9	1.43891601562	0.0
936.5	1.40668945312	0.0
936.6	0.0	0.0
936.6	1.14565429687	0.0
936.8	1.40185546875	0.0
938.2	1.31162109375	0.0
939.7	0.001611328125	0.0
940.3	1.00063476562	0.0
941.9	1.01513671875	0.0
944.6	0.0	0.0
946.1	0.95712890625	0.0
947.1	1.1279296875	0.0
947.7	0.011279296875	0.0
948.6	0.956323242187	0.0
949.9	0.771826171875	0.0
950.7	0.017724609375	0.0
951.9	1.35593261719	0.0
953.7	0.28037109375	0.0
953.9	1.28020019531	0.0
954.6	0.0	0.0
954.9	1.00385742188	0.0
955.9	0.0	0.0
959.1	0.0	0.0
959.1	2.13420410156	0.0
960.2	1.11665039063	0.0
963.7	1.0634765625	0.0
964.1	1.01352539062	0.0
964.7	0.0	0.0
966.0	0.0	0.0
967.0	0.0	0.0
967.3	1.10537109375	0.0
967.5	0.35126953125	0.0
967.6	1.22783203125	0.0
968.0	1.22299804687	0.0
971.1	1.04011230469	0.0
972.1	1.21735839844	0.0
973.1	1.16257324219	0.0
976.8	1.10053710938	0.0
976.8	0.0	0.0
977.2	1.0634765625	0.0
977.8	0.0	0.0
978.5	1.17788085937	0.0
980.9	0.0	0.0
983.3	0.964379882812	0.0
983.5	1.14162597656	0.0
984.1	1.11342773437	0.0
984.5	0.0926513671875	0.0
985.0	0.97646484375	0.0
985.8	0.00322265625	0.0
987.5	0.965185546875	0.0
987.6	1.10295410156	0.0
989.8	1.00788574219	0.0
992.4	1.12470703125	0.0
994.1	0.078955078125	0.0
998.4	1.26892089844	0.0
998.6	0.0	0.0
999.8	0.6509765625	0.0
1000.8	1.21171875	0.0
1000.9	1.18190917969	0.0
1004.7	0.0	0.0
1005.7	1.13356933594	0.0
1006.2	0.0	0.0
1007.7	0.0	0.0
1007.9	0.0	0.0
1008.2	0.03544921875	0.0
1010.9	0.5671875	0.0
1011.5	0.955517578125	0.0
1014.7	0.0	0.0
1015.9	0.0201416015625	0.0
1016.8	0.0781494140625	0.0
1017.2	0.842724609375	0.0
1017.8	0.114404296875	0.0
1018.6	0.017724609375	0.0
1019.1	1.22702636719	0.0
1020.4	0.408471679687	0.0
1023.5	1.23830566406	0.0
1023.7	1.21735839844	0.0
1024.3	0.826611328125	0.0
1024.3	0.0	0.0
1024.5	1.20124511719	0.0
1025.0	1.06911621094	0.0
1025.3	0.129711914062	0.0
1025.9	0.07734375	0.0
1026.2	1.01433105469	0.0
1027.3	0.605859375	0.0
1028.7	1.1537109375	0.0
1029.5	0.590551757813	0.0
1029.5	0.437475585937	0.0
1029.9	1.06186523437	0.0
1030.7	0.011279296875	0.0
1031.8	1.46791992187	0.0
1032.0	0.249755859375	0.0
1033.8	0.0	0.0
1034.4	0.0	0.0
1036.2	0.35126953125	0.0
1036.5	0.153076171875	0.0
1039.4	0.9861328125	0.0
1039.7	1.10456542969	0.0
1040.1	0.0	0.0
1043.6	0.0	0.0
1043.8	0.066064453125	0.0
1046.3	1.15693359375	0.0
1046.6	1.04011230469	0.0
1048.2	1.23347167969	0.0
1049.2	0.0	0.0
1051.1	1.00063476562	0.0
1051.2	1.23588867187	0.0
1052.1	1.2697265625	0.0
1053.1	0.085400390625	0.0
1054.8	1.05461425781	0.0
1055.1	0.986938476562	0.0
1057.4	0.0	0.0
1058.6	0.983715820312	0.0
1062.8	0.0	0.0
1066.3	1.14565429687	0.0
1067.1	1.00224609375	0.0
1068.5	0.652587890625	0.0
1068.6	0.0	0.0
1070.5	0.0	0.0
1073.5	0.98291015625	0.0
1073.6	1.13598632812	0.0
1074.6	1.30678710937	0.0
1075.2	1.00546875	0.0
1075.6	0.296484375	0.0
1077.3	1.23911132812	0.0
1078.6	1.01352539062	0.0
1079.9	0.941821289062	0.0
1080.4	1.23347167969	0.0
1085.7	0.0	0.0
1086.7	1.22622070312	0.0
1087.1	1.04897460937	0.0
1087.2	0.965185546875	0.0
1088.0	0.07412109375	0.0
1088.0	0.0	0.0
1091.8	0.0	0.0
1091.9	1.327734375	0.0
1092.3	0.11279296875	0.0
1093.9	0.0	0.0
1094.9	0.0	0.0
1095.0	2.15515136719	0.0
1095.5	1.15773925781	0.0
1095.9	0.539794921875	0.0
1096.3	1.07153320312	0.0
1097.2	1.10053710938	0.0
1098.5	0.0	0.0
1100.1	1.04816894531	0.0
1100.6	0.941015625	0.0
1102.4	0.59619140625	0.0
1103.5	0.0	0.0
1105.1	1.76682128906	0.0
1105.3	0.0	0.0
1105.8	0.0	0.0
1106.5	2.14064941406	0.0
1106.6	0.9603515625	0.0
1106.8	0.09345703125	0.0
1108.4	0.0	0.0
1109.0	1.14807128906	0.0
1109.1	0.0	0.0
1109.5	1.38654785156	0.0
1109.6	0.012890625	0.0
1111.7	0.67353515625	0.0
1111.8	1.01594238281	0.0
1113.7	0.981298828125	0.0
1114.3	0.0	0.0
1114.9	1.08764648438	0.0
1115.0	1.0763671875	0.0
1115.4	1.17626953125	0.0
1115.5	0.419750976562	0.0
1115.9	1.08603515625	0.0
1118.4	0.0	0.0
1119.5	1.1150390625	0.0
1127.5	0.0	0.0
1128.6	1.07314453125	0.0
1129.1	1.15773925781	0.0
1129.2	0.017724609375	0.0
1130.8	0.0233642578125	0.0
1131.0	0.986938476562	0.0
1131.3	0.443115234375	0.0
1132.4	0.631640625	0.0
1132.6	1.00546875	0.0
1132.6	1.17062988281	0.0
1134.0	0.001611328125	0.0
1134.2	0.001611328125	0.0
1134.8	0.011279296875	0.0
1135.5	1.09006347656	0.0
1138.1	0.346435546875	0.0
1139.1	0.983715820312	0.0
1141.2	0.0	0.0
1143.8	1.01594238281	0.0
1144.0	0.0	0.0
1144.5	1.26650390625	0.0
1146.3	0.0	0.0
1147.4	0.0	0.0
1147.8	0.038671875	0.0
1148.6	0.038671875	0.0
1150.2	1.24797363281	0.0
1150.3	0.066064453125	0.0
1153.5	1.0119140625	0.0
1155.2	1.03447265625	0.0
1155.3	0.012890625	0.0
1156.4	0.02900390625	0.0
1156.4	0.33193359375	0.0
1159.2	1.11826171875	0.0
1160.1	0.0	0.0
1160.9	1.0892578125	0.0
1162.3	1.41394042969	0.0
1162.9	0.0	0.0
1163.1	1.24152832031	0.0
1163.5	0.0	0.0
1164.0	0.4125	0.0
1165.6	0.156298828125	0.0
1166.5	1.09328613281	0.0
1167.4	1.44294433594	0.0
1167.8	0.98291015625	0.0
1168.0	1.11423339844	0.0
1168.5	1.12390136719	0.0
1168.7	0.460034179687	0.0
1169.4	1.14807128906	0.0
1169.5	1.15854492187	0.0
1170.3	1.15209960938	0.0
1171.3	2.10600585937	0.0
1171.8	0.336767578125	0.0
1173.3	1.72814941406	0.0
1173.8	0.0	0.0
1173.8	0.9990234375	0.0
1175.5	0.948266601562	0.0
1176.0	2.14064941406	0.0
1177.4	1.06669921875	0.0
1179.1	1.10698242187	0.0
1179.1	1.18190917969	0.0
1179.4	0.02578125	0.0
1179.5	0.0	0.0
1180.6	1.09006347656	0.0
1182.3	1.14001464844	0.0
1182.3	0.0	0.0
1182.4	1.13679199219	0.0
1184.6	0.727514648437	0.0
1184.7	0.0	0.0
1187.6	1.47839355469	0.0
1188.2	0.0	0.0
1189.0	1.01030273437	0.0
1189.3	0.00322265625	0.0
1189.5	0.0	0.0
1190.9	1.19479980469	0.0
1191.6	0.0	0.0
1192.2	1.20205078125	0.0
1197.2	1.11262207031	0.0
1197.7	1.17868652344	0.0
1198.0	0.9796875	0.0
1198.1	1.14807128906	0.0
1199.8	1.14404296875	0.0
1200.1	0.567993164062	0.0
1200.4	0.923291015625	0.0
1200.8	0.0	0.0
1201.4	0.485009765625	0.0
1204.3	1.00869140625	0.0
1205.0	0.0	0.0
1205.6	1.16901855469	0.0
1206.3	1.21171875	0.0
1206.9	0.970825195312	0.0
1207.0	1.0828125	0.0
1209.3	1.23427734375	0.0
1209.9	1.39057617187	0.0
1211.0	1.45502929687	0.0
1211.5	1.20205078125	0.0
1211.8	1.147265625	0.0
1212.8	0.0	0.0
1213.0	1.15612792969	0.0
1217.0	1.09650878906	0.0
1217.8	1.36882324219	0.0
1217.8	0.0	0.0
1218.1	1.19318847656	0.0
1220.2	1.13115234375	0.0
1220.4	0.99580078125	0.0
1222.0	0.0451171875	0.0
1222.4	1.12229003906	0.0
1222.6	1.06186523437	0.0
1223.4	0.962768554688	0.0
1224.2	0.194970703125	0.0
1224.4	1.069921875	0.0
1224.9	1.23508300781	0.0
1225.2	0.97646484375	0.0
1225.3	0.0	0.0
1228.6	1.0763671875	0.0
1228.6	0.0588134765625	0.0
1231.1	0.059619140625	0.0
1233.4	0.0	0.0
1234.5	0.4318359375	0.0
1236.2	0.043505859375	0.0
1236.8	0.323876953125	0.0
1237.2	0.02578125	0.0
1237.2	1.1666015625	0.0
1237.2	0.0	0.0
1238.4	1.04736328125	0.0
1240.2	1.28100585938	0.0
1241.3	0.630029296875	0.0
1242.1	0.0	0.0
1242.9	0.89267578125	0.0
1243.5	0.546240234375	0.0
1243.5	1.03930664062	0.0
1246.2	1.03125	0.0
1246.2	1.29309082031	0.0
1247.1	2.14145507812	0.0
1248.7	0.0040283203125	0.0
1249.1	0.6767578125	0.0
1249.1	0.00322265625	0.0
1250.0	0.0	0.0
1251.5	1.08120117187	0.0
1252.4	0.999829101562	0.0
1254.4	1.26730957031	0.0
1255.0	0.800830078125	0.0
1257.5	1.22944335938	0.0
1257.9	1.14323730469	0.0
1258.5	1.14404296875	0.0
1258.7	0.250561523437	0.0
1259.6	1.10134277344	0.0
1261.5	1.02641601562	0.0
1261.9	0.9990234375	0.0
1264.4	0.193359375	0.0
1265.7	1.11584472656	0.0
1266.2	0.0	0.0
1266.7	1.06105957031	0.0
1267.6	0.0	0.0
1267.8	0.223974609375	0.0
1268.4	0.575244140625	0.0
1270.2	1.02077636719	0.0
1274.0	0.0	0.0
1274.1	0.48984375	0.0
1274.8	1.02722167969	0.0
1278.2	1.02399902344	0.0
1278.3	0.0	0.0
1279.1	1.72734375	0.0
1282.2	1.26328125	0.0
1283.4	0.0	0.0
1285.9	1.57587890625	0.0
1288.9	0.0	0.0
1290.5	0.02255859375	0.0
1292.3	0.0	0.0
1293.3	1.05783691406	0.0
1294.5	0.0	0.0
1294.9	1.39138183594	0.0
1295.4	1.06025390625	0.0
1295.6	1.18513183594	0.0
1297.4	0.0	0.0
1297.8	0.0	0.0
1299.4	1.08684082031	0.0
1302.9	1.05219726563	0.0
1303.1	0.0427001953125	0.0
1303.2	0.577661132812	0.0
1304.4	0.958740234375	0.0
1305.0	0.017724609375	0.0
1305.6	1.02802734375	0.0
1306.2	0.0	0.0
1307.9	1.03125	0.0
1309.5	1.02561035156	0.0
1310.2	1.13034667969	0.0
1310.9	0.0717041015625	0.0
1310.9	1.147265625	0.0
1311.4	0.103125	0.0
1312.1	0.98935546875	0.0
1313.3	0.456005859375	0.0
1313.5	2.12775878906	0.0
1314.0	0.0	0.0
1315.3	1.98435058594	0.0
1316.4	2.13259277344	0.0
1316.8	0.0	0.0
1317.3	0.0072509765625	0.0
1317.3	0.0	0.0
1322.8	0.0394775390625	0.0
1323.2	0.349658203125	0.0
1324.6	1.09489746094	0.0
1324.6	0.962768554688	0.0
1325.7	1.18754882812	0.0
1326.9	1.09006347656	0.0
1332.2	0.0	0.0
1333.9	0.100708007812	0.0
1334.8	0.318237304688	0.0
1335.6	1.42280273437	0.0
1336.2	1.51787109375	0.0
1337.3	1.02883300781	0.0
1338.3	0.42861328125	0.0
1341.6	1.01674804687	0.0
1342.0	1.16740722656	0.0
1346.2	1.17868652344	0.0
1346.3	0.661450195312	0.0
1347.7	0.0	0.0
1348.3	0.31259765625	0.0
1348.5	1.43005371094	0.0
1351.7	0.0	0.0
1352.0	0.0064453125	0.0
1352.2	1.198828125	0.0
1352.9	1.04091796875	0.0
1353.9	0.518041992188	0.0
1354.7	1.2439453125	0.0
1355.8	0.568798828125	0.0
1357.1	0.858837890625	0.0
1357.9	0.451171875	0.0
1358.6	2.14064941406	0.0
1359.9	0.0	0.0
1360.9	1.08120117187	0.0
1362.1	0.0	0.0
1368.0	0.2771484375	0.0
1369.1	1.10698242187	0.0
1369.6	1.10134277344	0.0
1370.6	0.0104736328125	0.0
1371.4	0.982104492187	0.0
1374.4	0.0	0.0
1376.0	1.12551269531	0.0
1376.5	1.13759765625	0.0
1376.7	1.12954101562	0.0
1377.1	0.23203125	0.0
1377.3	0.970825195312	0.0
1378.7	0.0	0.0
1380.6	0.764575195312	0.0
1381.1	1.10778808594	0.0
1382.4	1.03044433594	0.0
1382.9	0.0	0.0
1384.6	0.0	0.0
1386.6	0.0072509765625	0.0
1386.7	1.04091796875	0.0
1388.0	0.96357421875	0.0
1388.1	0.038671875	0.0
1388.6	1.04978027344	0.0
1388.7	1.00224609375	0.0
1389.1	0.1095703125	0.0
1394.7	1.1859375	0.0
1395.0	0.004833984375	0.0
1397.5	0.324682617187	0.0
1400.4	0.0	0.0
1402.8	0.0	0.0
1403.4	1.09409179687	0.0
1405.2	1.11181640625	0.0
1406.8	1.12229003906	0.0
1406.9	1.3921875	0.0
1408.4	1.21494140625	0.0
1408.7	1.25119628906	0.0
1411.1	0.419750976562	0.0
1411.2	1.06508789062	0.0
1412.1	1.121484375	0.0
1413.2	1.05783691406	0.0
1413.3	0.15791015625	0.0
1413.7	1.00627441406	0.0
1415.5	1.16015625	0.0
1415.8	0.95068359375	0.0
1415.8	1.04736328125	0.0
1417.3	1.11906738281	0.0
1420.0	1.08120117187	0.0
1422.4	0.0193359375	0.0
1424.2	0.04833984375	0.0
1425.2	0.0	0.0
1425.5	1.67255859375	0.0
1427.8	1.61455078125	0.0
1431.1	0.0322265625	0.0
1431.2	1.02722167969	0.0
1431.5	0.334350585938	0.0
1433.8	0.0	0.0
1434.1	1.15209960938	0.0
1434.3	1.069921875	0.0
1435.4	1.02561035156	0.0
1436.8	1.40588378906	0.0
1437.2	0.998217773437	0.0
1439.4	0.011279296875	0.0
1440.8	1.095703125	0.0
1441.4	0.0	0.0
1442.3	0.02578125	0.0
1442.4	0.43828125	0.0
1443.0	1.05864257812	0.0
1443.3	0.0	0.0
1444.4	0.0	0.0
1445.8	0.983715820312	0.0
1447.4	1.17143554687	0.0
1447.5	0.488232421875	0.0
1447.7	1.21494140625	0.0
1449.2	0.0	0.0
1449.8	1.11665039063	0.0
1449.8	1.15854492187	0.0
1452.4	0.961962890625	0.0
1452.6	0.781494140625	0.0
1453.1	1.1923828125	0.0
1456.6	0.0	0.0
1457.9	0.0	0.0
1458.5	0.978076171875	0.0
1459.4	1.10456542969	0.0
1460.1	0.675952148437	0.0
1460.2	1.00546875	0.0
1461.4	1.21735839844	0.0
1461.7	0.02900390625	0.0
1461.9	1.02963867187	0.0
1463.4	0.0072509765625	0.0
1465.3	0.948266601562	0.0
1465.4	1.02158203125	0.0
1465.7	0.0	0.0
1467.3	1.3212890625	0.0
1467.4	1.04494628906	0.0
1467.7	0.0	0.0
1467.8	1.12470703125	0.0
1468.7	2.00610351562	0.0
1469.1	1.18110351563	0.0
1469.6	0.0	0.0
1469.7	1.12470703125	0.0
1472.0	1.04736328125	0.0
1472.6	1.1859375	0.0
1472.8	0.994995117188	0.0
1473.3	1.06831054688	0.0
1474.5	0.0	0.0
1475.7	1.20607910156	0.0
1475.8	1.10375976562	0.0
1476.1	1.15773925781	0.0
1478.3	1.5017578125	0.0
1479.3	0.552685546875	0.0
1480.4	1.00708007812	0.0
1480.9	0.0	0.0
1482.2	1.21977539062	0.0
1482.4	0.0	0.0
1482.7	1.09731445312	0.0
1485.2	1.16901855469	0.0
1486.3	1.13276367188	0.0
1489.8	1.43408203125	0.0
1493.9	1.00144042969	0.0
1494.8	0.481787109375	0.0
1495.1	0.0008056640625	0.0
1495.8	0.0	0.0
1496.9	1.16982421875	0.0
1497.5	0.568798828125	0.0
1498.3	0.0	0.0
1498.7	1.19560546875	0.0
1500.7	1.18432617188	0.0
1500.8	0.0555908203125	0.0
1502.7	0.143408203125	0.0
1505.7	0.2771484375	0.0
1509.6	0.0708984375	0.0
1509.7	1.09086914062	0.0
1511.6	1.09973144531	0.0
1512.4	2.13178710937	0.0
1513.2	1.37526855469	0.0
1514.9	0.0	0.0
1515.3	1.02802734375	0.0
1516.2	0.012890625	0.0
1516.4	0.92490234375	0.0
1516.5	1.25200195312	0.0
1516.6	1.00063476562	0.0
1516.9	0.984521484375	0.0
1517.0	0.027392578125	0.0
1519.9	1.17062988281	0.0
1520.5	1.03850097656	0.0
1522.3	1.14565429687	0.0
1523.8	0.345629882812	0.0
1524.7	0.0	0.0
1526.1	0.0	0.0
1527.6	1.14807128906	0.0
1529.0	0.0	0.0
1532.1	2.04558105469	0.0
1532.9	1.02158203125	0.0
1533.3	1.15048828125	0.0
1535.5	1.18835449219	0.0
1535.8	0.001611328125	0.0
1536.2	1.15532226562	0.0
1536.2	1.044140625	0.0
1536.6	0.0217529296875	0.0
1538.3	0.066064453125	0.0
1539.1	0.01611328125	0.0
1539.4	0.004833984375	0.0
1540.5	0.762963867187	0.0
1540.5	1.36721191406	0.0
1540.7	0.626000976562	0.0
1542.9	1.02319335938	0.0
1542.9	0.0	0.0
1543.1	1.26892089844	0.0
1544.3	1.01110839844	0.0
1545.1	1.36318359375	0.0
1545.6	0.0040283203125	0.0
1547.5	1.04333496094	0.0
1549.3	0.642114257812	0.0
1549.7	0.981298828125	0.0
1551.9	1.04978027344	0.0
1554.0	1.07233886719	0.0
1555.2	0.027392578125	0.0
1555.8	0.0	0.0
1556.2	1.08764648438	0.0
1556.4	0.585717773437	0.0
1558.0	0.869311523437	0.0
1559.6	0.603442382812	0.0
1560.0	0.0	0.0
1561.7	0.0024169921875	0.0
1563.5	0.069287109375	0.0
1563.7	1.02319335938	0.0
1564.0	1.0634765625	0.0
1565.0	0.0	0.0
1565.8	1.0892578125	0.0
1566.5	0.008056640625	0.0
1569.3	0.11923828125	0.0
1570.5	1.90056152344	0.0
1570.9	0.46083984375	0.0
1570.9	0.697705078125	0.0
1570.9	1.19802246094	0.0
1571.4	0.012890625	0.0
1579.6	1.08603515625	0.0
1580.5	0.443115234375	0.0
1582.4	1.07475585937	0.0
1582.4	0.245727539062	0.0
1583.8	0.020947265625	0.0
1583.9	0.0	0.0
1583.9	0.0	0.0
1585.0	0.0	0.0
1585.9	0.475341796875	0.0
1586.4	0.0	0.0
1587.1	0.00322265625	0.0
1587.1	1.12470703125	0.0
1587.9	1.01594238281	0.0
1588.0	1.09086914062	0.0
1591.1	0.1224609375	0.0
1591.6	0.0	0.0
1594.4	0.020947265625	0.0
1594.6	0.0	0.0
1594.7	1.72331542969	0.0
1596.4	1.35673828125	0.0
1598.1	1.13518066406	0.0
1601.9	0.0	0.0
1602.1	1.07556152344	0.0
1603.5	0.981298828125	0.0
1605.6	1.24716796875	0.0
1605.9	0.0	0.0
1606.1	1.05219726563	0.0
1608.6	1.2181640625	0.0
1608.8	1.23427734375	0.0
1609.1	0.0	0.0
1609.3	0.481787109375	0.0
1612.6	0.027392578125	0.0
1613.5	1.18513183594	0.0
1613.8	1.18432617188	0.0
1618.2	1.23347167969	0.0
1618.3	1.2052734375	0.0
1618.6	0.746044921875	0.0
1619.3	1.02802734375	0.0
1620.5	0.48984375	0.0
1620.9	1.23911132812	0.0
1621.3	0.23525390625	0.0
1621.6	0.983715820312	0.0
1621.7	0.0	0.0
1622.7	1.02963867187	0.0
1623.2	0.0	0.0
1626.0	1.12954101562	0.0
1626.3	1.0505859375	0.0
1626.3	0.0	0.0
1627.5	0.0064453125	0.0
1628.9	1.09167480469	0.0
1629.0	1.11020507812	0.0
1629.6	0.0	0.0
1631.7	0.361743164062	0.0
1632.4	1.78615722656	0.0
1632.6	0.993383789062	0.0
1633.4	1.044140625	0.0
1634.8	0.245727539062	0.0
1635.6	1.11826171875	0.0
1636.2	0.993383789062	0.0
1642.3	0.0	0.0
1644.3	1.22219238281	0.0
1644.4	1.33659667969	0.0
1644.6	0.965185546875	0.0
1644.8	1.16579589844	0.0
1646.4	1.11826171875	0.0
1646.4	0.0	0.0
1648.4	2.14548339844	0.0
1649.5	1.19399414062	0.0
1649.7	0.0	0.0
1650.1	1.19077148437	0.0
1651.9	0.729931640625	0.0
1652.1	0.0	0.0
1652.1	1.49370117187	0.0
1653.5	1.25844726562	0.0
1653.8	1.29067382812	0.0
1654.3	0.169189453125	0.0
1654.7	1.0828125	0.0
1656.5	0.0	0.0
1657.3	0.597802734375	0.0
1657.7	0.964379882812	0.0
1658.3	0.0	0.0
1658.8	0.0	0.0
1659.3	0.0233642578125	0.0
1661.8	0.0024169921875	0.0
1662.5	1.018359375	0.0
1663.2	0.0	0.0
1663.4	1.134375	0.0
1664.1	0.0	0.0
1664.3	0.0	0.0
1664.3	0.18369140625	0.0
1666.0	0.66064453125	0.0
1666.1	0.633251953125	0.0
1671.1	1.10778808594	0.0
1671.9	0.0	0.0
1673.2	0.791967773437	0.0
1674.1	1.018359375	0.0
1675.2	0.0	0.0
1677.3	1.12390136719	0.0
1678.4	0.9087890625	0.0
1679.7	0.0	0.0
1679.7	1.0119140625	0.0
1681.1	0.0	0.0
1682.6	0.0	0.0
1684.6	0.316625976562	0.0
1684.7	0.0	0.0
1685.2	0.0	0.0
1687.0	1.13920898437	0.0
1687.3	1.28422851562	0.0
1688.9	1.044140625	0.0
1689.9	0.9474609375	0.0
1690.3	1.25925292969	0.0
1691.3	0.3673828125	0.0
1692.1	0.554296875	0.0
1692.6	0.95390625	0.0
1693.6	1.05541992188	0.0
1694.8	0.91845703125	0.0
1696.4	1.16740722656	0.0
1696.9	1.12954101562	0.0
1697.2	0.0451171875	0.0
1699.3	0.0	0.0
1699.6	1.06750488281	0.0
1699.9	1.11665039063	0.0
1702.8	0.0	0.0
1704.5	1.1794921875	0.0
1706.1	0.630029296875	0.0
1708.3	1.42521972656	0.0
1709.0	0.0	0.0
1709.6	1.06508789062	0.0
1709.7	1.1666015625	0.0
1711.1	0.9796875	0.0
1712.3	1.00949707031	0.0
1714.5	1.1021484375	0.0
1719.0	1.33820800781	0.0
1723.0	0.978881835938	0.0
1725.5	1.15209960938	0.0
1726.1	0.99580078125	0.0
1726.4	1.13115234375	0.0
1726.9	0.5865234375	0.0
1729.3	0.0	0.0
1729.8	0.999829101562	0.0
1730.6	1.23347167969	0.0
1731.2	0.0265869140625	0.0
1731.2	0.0193359375	0.0
1731.3	0.0	0.0
1732.1	0.23525390625	0.0
1734.7	2.01979980469	0.0
1734.8	0.0	0.0
1736.0	1.12631835937	0.0
1737.9	0.0	0.0
1738.4	1.01755371094	0.0
1739.3	1.22944335938	0.0
1739.5	0.954711914062	0.0
1740.6	0.0	0.0
1741.2	0.0	0.0
1742.2	1.069921875	0.0
1742.6	1.353515625	0.0
1743.1	1.26569824219	0.0
1744.0	0.98935546875	0.0
1745.3	1.173046875	0.0
1746.1	0.366577148438	0.0
1747.3	0.059619140625	0.0
1748.4	0.269091796875	0.0
1748.4	1.01030273437	0.0
1749.1	0.001611328125	0.0
1750.2	0.0	0.0
1752.1	1.26811523437	0.0
1752.4	1.26086425781	0.0
1752.8	0.0708984375	0.0
1753.8	1.02399902344	0.0
1754.0	0.0064453125	0.0
1754.1	0.0394775390625	0.0
1754.2	0.0008056640625	0.0
1754.9	0.340795898437	0.0
1756.4	0.0	0.0
1757.7	0.0	0.0
1758.7	1.405078125	0.0
1758.8	1.06267089844	0.0
1759.2	0.0	0.0
1760.5	0.0	0.0
1763.1	0.0	0.0
1763.8	0.9796875	0.0
1764.2	0.941821289062	0.0
1764.2	1.05541992188	0.0
1764.5	0.0	0.0
1764.5	0.555102539062	0.0
1764.6	0.5994140625	0.0
1765.6	0.053173828125	0.0
1768.0	1.44052734375	0.0
1768.8	0.69931640625	0.0
1769.8	0.0	0.0
1770.4	1.26650390625	0.0
1770.7	0.898315429688	0.0
1770.9	1.04655761719	0.0
1771.2	0.1224609375	0.0
1771.3	1.30275878906	0.0
1772.9	0.0	0.0
1777.2	1.23991699219	0.0
1778.7	1.11584472656	0.0
1779.5	0.0	0.0
1779.8	0.0459228515625	0.0
1781.0	0.0	0.0
1781.3	0.426196289062	0.0
1781.6	0.962768554688	0.0
1782.3	1.08684082031	0.0
1784.4	1.01997070313	0.0
1784.4	1.08039550781	0.0
1785.3	0.0298095703125	0.0
1785.6	1.17868652344	0.0
1786.3	0.582495117188	0.0
1786.3	0.0	0.0
1787.1	0.0	0.0
1787.4	1.05864257812	0.0
1789.8	0.0	0.0
1790.9	1.17062988281	0.0
1792.0	0.596997070312	0.0
1792.3	0.0	0.0
1792.9	0.956323242187	0.0
1793.8	0.01611328125	0.0
1794.9	1.301953125	0.0
1797.7	0.26103515625	0.0
1798.5	0.0	0.0
1798.8	0.961157226562	0.0
1798.8	1.198828125	0.0
1800.4	0.17080078125	0.0
1801.8	0.0	0.0
1804.1	0.991772460937	0.0
1805.4	1.01674804687	0.0
1806.3	0.0	0.0
1807.1	0.0	0.0
1807.6	1.08442382813	0.0
1811.0	2.04719238281	0.0
1811.2	0.0	0.0
1813.2	1.16901855469	0.0
1813.6	0.0	0.0
1815.0	1.07233886719	0.0
1817.3	0.2384765625	0.0
1819.0	1.02963867187	0.0
1819.0	1.15129394531	0.0
1819.0	0.01611328125	0.0
1820.1	0.986938476562	0.0
1821.7	0.0	0.0
1822.6	0.722680664062	0.0
1822.8	1.00949707031	0.0
1822.9	1.06911621094	0.0
1826.2	0.778271484375	0.0
1827.5	1.13356933594	0.0
1827.9	0.335961914062	0.0
1828.1	1.05783691406	0.0
1830.4	0.0	0.0
1832.0	0.0	0.0
1832.6	0.996606445312	0.0
1834.8	1.18271484375	0.0
1835.1	1.08603515625	0.0
1837.7	1.044140625	0.0
1840.1	1.19399414062	0.0
1840.2	1.26408691406	0.0
1840.5	0.533349609375	0.0
1840.9	0.00966796875	0.0
1841.6	0.0	0.0
1841.9	0.4640625	0.0
1844.1	1.13518066406	0.0
1845.4	0.0104736328125	0.0
1846.5	0.953100585937	0.0
1847.0	0.935375976562	0.0
1848.2	0.059619140625	0.0
1852.1	0.0	0.0
1852.3	0.624389648438	0.0
1853.3	0.04189453125	0.0
1853.6	1.23588867187	0.0
1853.6	0.0	0.0
1855.7	0.159521484375	0.0
1856.2	0.82822265625	0.0
1857.8	0.462451171875	0.0
1858.5	1.03286132812	0.0
1858.6	1.0634765625	0.0
1859.7	0.0	0.0
1860.4	0.974047851562	0.0
1861.7	0.001611328125	0.0
1863.1	0.0	0.0
1863.1	0.932153320312	0.0
1864.5	0.0	0.0
1865.8	1.38896484375	0.0
1868.0	1.05944824219	0.0
1869.3	0.368188476562	0.0
1869.4	0.817749023438	0.0
1869.4	0.0	0.0
1869.7	0.0	0.0
1870.8	1.05783691406	0.0
1870.9	0.0	0.0
1871.4	1.02722167969	0.0
1871.9	0.928125	0.0
1872.2	0.12568359375	0.0
1872.8	1.069921875	0.0
1872.9	1.47839355469	0.0
1873.1	0.459228515625	0.0
1873.3	1.14001464844	0.0
1874.1	1.0763671875	0.0
1876.1	1.34545898438	0.0
1878.3	1.16821289062	0.0
1879.5	0.725903320312	0.0
1880.1	1.044140625	0.0
1880.4	0.95068359375	0.0
1881.3	0.388330078125	0.0
1883.2	1.06105957031	0.0
1884.9	2.13259277344	0.0
1885.9	0.0	0.0
1887.2	1.04494628906	0.0
1887.2	1.10134277344	0.0
1887.4	0.9087890625	0.0
1889.3	0.0	0.0
1890.2	1.15693359375	0.0
1891.0	0.06123046875	0.0
1892.2	1.59924316406	0.0
1892.4	1.09650878906	0.0
1892.7	0.0	0.0
1892.9	0.0120849609375	0.0
1895.4	0.0	0.0
1895.7	0.9345703125	0.0
1896.5	1.02883300781	0.0
1896.7	0.0	0.0
1896.9	0.4125	0.0
1897.4	0.993383789062	0.0
1898.2	0.639697265625	0.0
1900.5	1.16257324219	0.0
1900.8	1.47033691406	0.0
1901.7	0.986938476562	0.0
1902.9	0.38671875	0.0
1903.3	1.30920410156	0.0
1904.2	0.349658203125	0.0
1904.6	0.0	0.0
1905.7	0.0104736328125	0.0
1906.0	0.5478515625	0.0
1906.7	0.0	0.0
1908.8	1.02238769531	0.0
1909.0	1.14404296875	0.0
1909.0	1.147265625	0.0
1909.1	1.03608398438	0.0
1911.0	0.0	0.0
1911.0	1.29389648437	0.0
1911.1	1.12551269531	0.0
1911.7	1.0119140625	0.0
1911.8	0.94423828125	0.0
1916.2	1.02319335938	0.0
1916.3	1.02883300781	0.0
1917.1	0.0	0.0
1918.0	0.0	0.0
1918.9	0.0	0.0
1919.5	0.0	0.0
1919.8	1.03205566406	0.0
1921.8	0.680786132812	0.0
1921.9	1.06186523437	0.0
1923.0	1.14404296875	0.0
1923.3	1.01352539062	0.0
1923.4	1.12229003906	0.0
1924.2	0.846752929687	0.0
1924.5	0.77666015625	0.0
1924.9	1.02963867187	0.0
1926.0	0.064453125	0.0
1926.3	1.19802246094	0.0
1926.5	0.0	0.0
1928.4	0.639697265625	0.0
1930.6	0.34482421875	0.0
1931.8	0.0	0.0
1933.1	1.03688964844	0.0
1933.6	1.11101074219	0.0
1934.1	0.038671875	0.0
1935.1	0.356103515625	0.0
1935.6	0.00966796875	0.0
1937.2	0.0233642578125	0.0
1939.4	0.64775390625	0.0
1940.6	0.899926757812	0.0
1945.1	0.0104736328125	0.0
1945.5	0.0	0.0
1946.7	0.0	0.0
1947.0	0.874145507812	0.0
1947.1	1.17546386719	0.0
1949.1	1.44133300781	0.0
1949.9	1.04172363281	0.0
1950.2	1.68142089844	0.0
1951.6	1.16337890625	0.0
1951.8	0.0	0.0
1954.9	1.21252441406	0.0
1959.4	1.06831054688	0.0
1960.1	0.0	0.0
1960.2	0.619555664062	0.0
1961.4	0.977270507812	0.0
1962.7	1.02561035156	0.0
1963.5	1.03366699219	0.0
1964.4	1.25119628906	0.0
1965.5	0.94423828125	0.0
1965.7	0.0088623046875	0.0
1965.9	0.983715820312	0.0
1966.5	1.31887207031	0.0
1968.9	0.0	0.0
1969.0	0.0	0.0
1971.9	0.00966796875	0.0
1973.7	1.02319335938	0.0
1974.1	0.795190429687	0.0
1975.0	1.044140625	0.0
1977.4	1.03608398438	0.0
1978.8	1.18190917969	0.0
1978.9	0.7283203125	0.0
1979.1	0.090234375	0.0
1979.2	0.0	0.0
1980.0	1.28342285156	0.0
1982.2	0.0491455078125	0.0
1982.3	1.2181640625	0.0
1982.7	0.884619140625	0.0
1985.3	1.11342773437	0.0
1985.9	0.0	0.0
1987.9	2.13098144531	0.0
1988.0	1.36237792969	0.0
1988.5	1.00224609375	0.0
1989.0	0.0	0.0
1989.2	0.987744140625	0.0
1991.0	0.0	0.0
1992.4	1.23911132812	0.0
1993.5	1.11826171875	0.0
1994.4	0.3931640625	0.0
1994.7	1.05541992188	0.0
1995.4	0.0	0.0
1997.8	1.13598632812	0.0
1998.2	1.18916015625	0.0
1998.6	1.018359375	0.0
1998.8	0.008056640625	0.0
1999.8	1.06750488281	0.0
1999.9	0.974853515625	0.0
2002.0	1.224609375	0.0
2003.4	1.15612792969	0.0
2003.5	0.672729492188	0.0
2008.6	1.24555664062	0.0
2008.8	1.31967773437	0.0
2011.3	1.09409179687	0.0
2012.6	0.0	0.0
2013.4	0.06767578125	0.0
2015.5	0.0	0.0
2016.1	0.874951171875	0.0
2016.1	1.147265625	0.0
2017.0	1.16579589844	0.0
2017.2	1.38815917969	0.0
2017.2	0.0	0.0
2019.1	0.0	0.0
2021.6	0.35771484375	0.0
2022.3	0.465673828125	0.0
2024.0	0.974853515625	0.0
2025.3	0.14501953125	0.0
2025.3	0.897509765625	0.0
2025.5	0.318237304688	0.0
2025.7	1.10053710938	0.0
2026.0	0.008056640625	0.0
2026.1	1.05944824219	0.0
2027.8	0.0	0.0
2029.5	1.05864257812	0.0
2032.7	0.332739257812	0.0
2033.5	0.0	0.0
2035.4	0.446337890625	0.0
2035.6	1.10053710938	0.0
2036.4	0.0	0.0
2036.6	0.494677734375	0.0
2037.4	0.0	0.0
2039.5	0.9861328125	0.0
2039.6	1.121484375	0.0
2041.7	2.10197753906	0.0
2043.1	0.111181640625	0.0
2046.0	0.968408203125	0.0
2050.1	1.43649902344	0.0
2050.7	0.0	0.0
2053.6	1.04333496094	0.0
2053.7	0.968408203125	0.0
2054.4	1.33095703125	0.0
2055.4	0.0	0.0
2057.4	2.13420410156	0.0
2057.7	0.5091796875	0.0
2058.7	1.14484863281	0.0
2059.6	1.02399902344	0.0
2060.0	1.30275878906	0.0
2061.6	1.03527832031	0.0
2062.1	0.0	0.0
2062.2	0.0008056640625	0.0
2062.6	1.00224609375	0.0
2064.8	0.0	0.0
2066.8	1.12390136719	0.0
2066.9	1.23508300781	0.0
2066.9	0.14501953125	0.0
2067.1	0.0	0.0
2068.5	0.126489257813	0.0
2068.9	0.001611328125	0.0
2069.2	0.0	0.0
2069.6	1.04816894531	0.0
2069.8	0.359326171875	0.0
2070.8	0.391552734375	0.0
2071.9	0.994995117188	0.0
2073.2	1.20688476562	0.0
2075.0	1.05864257812	0.0
2076.7	0.959545898437	0.0
2077.3	0.4060546875	0.0
2077.3	0.0	0.0
2077.5	1.04252929687	0.0
2078.3	0.027392578125	0.0
2079.4	0.0	0.0
2079.5	0.0	0.0
2079.8	0.0	0.0
2080.1	1.17385253906	0.0
2080.4	1.26005859375	0.0
2081.0	1.19802246094	0.0
2082.5	0.0	0.0
2083.0	0.236059570312	0.0
2084.3	1.25925292969	0.0
2084.3	1.22783203125	0.0
2084.4	1.31726074219	0.0
2085.2	1.24475097656	0.0
2086.3	1.44213867188	0.0
2086.8	1.134375	0.0
2087.1	2.01013183594	0.0
2087.2	1.11262207031	0.0
2089.6	0.0	0.0
2090.8	1.12309570312	0.0
2092.6	0.97001953125	0.0
2092.8	1.18352050781	0.0
2093.2	1.01916503906	0.0
2094.0	0.111987304687	0.0
2094.1	1.17626953125	0.0
2094.7	0.997412109375	0.0
2095.0	1.02238769531	0.0
2095.9	0.0	0.0
2097.0	1.23427734375	0.0
2097.5	1.18674316406	0.0
2097.8	1.12067871094	0.0
2099.8	0.0	0.0
2102.1	1.19721679688	0.0
2102.1	0.0	0.0
2103.8	0.0	0.0
2104.9	0.02578125	0.0
2105.9	1.173046875	0.0
2105.9	0.038671875	0.0
2106.8	1.13518066406	0.0
2109.7	1.13679199219	0.0
2111.8	0.552685546875	0.0
2112.4	0.0104736328125	0.0
2112.6	0.0	0.0
2113.4	1.430859375	0.0
2113.4	0.0	0.0
2115.1	0.244921875	0.0
2116.1	0.0	0.0
2116.7	0.0	0.0
2121.1	0.0	0.0
2121.1	1.24555664062	0.0
2123.6	1.21655273438	0.0
2124.4	1.13840332031	0.0
2125.0	0.309375	0.0
2125.3	1.250390625	0.0
2128.6	0.35126953125	0.0
2129.3	0.085400390625	0.0
2130.2	1.04736328125	0.0
2130.5	0.0072509765625	0.0
2130.9	0.991772460937	0.0
2130.9	0.0	0.0
2133.6	0.978881835938	0.0
2135.3	0.71220703125	0.0
2135.7	1.01594238281	0.0
2136.3	0.0064453125	0.0
2137.1	0.0	0.0
2138.5	0.0	0.0
2139.2	1.4501953125	0.0
2139.2	1.00546875	0.0
2140.6	0.270703125	0.0
2140.6	1.03366699219	0.0
2140.8	0.978881835938	0.0
2140.9	1.06186523437	0.0
2141.1	0.0	0.0
2141.4	0.22236328125	0.0
2141.4	0.0	0.0
2143.4	0.964379882812	0.0
2143.4	0.258618164062	0.0
2145.3	0.996606445312	0.0
2145.5	0.956323242187	0.0
2148.4	0.0	0.0
2149.3	1.28503417969	0.0
2151.4	0.0	0.0
2153.6	0.0	0.0
2155.5	1.12712402344	0.0
2156.3	1.19399414062	0.0
2156.6	0.838696289062	0.0
2157.8	0.02255859375	0.0
2158.7	0.04189453125	0.0
2158.8	1.01110839844	0.0
2160.0	0.749267578125	0.0
2161.6	0.0	0.0
2162.1	0.0	0.0
2163.3	0.0	0.0
2164.2	1.19560546875	0.0
2164.6	0.2126953125	0.0
2167.8	0.410083007812	0.0
2168.4	0.992578125	0.0
2168.7	1.63872070312	0.0
2169.0	0.954711914062	0.0
2169.6	1.77729492187	0.0
2171.9	0.98935546875	0.0
2172.1	1.13115234375	0.0
2172.6	0.962768554688	0.0
2173.3	0.0	0.0
2176.2	2.12131347656	0.0
2178.5	0.0	0.0
2179.8	1.18190917969	0.0
2180.2	0.445532226562	0.0
2180.6	1.16096191406	0.0
2181.3	0.369799804687	0.0
2184.3	0.0	0.0
2186.7	0.0700927734375	0.0
2187.3	1.05541992188	0.0
2189.7	0.066064453125	0.0
2189.9	1.09812011719	0.0
2190.3	0.95068359375	0.0
2192.0	1.13518066406	0.0
2193.0	0.0	0.0
2193.8	0.839501953125	0.0
2195.7	1.13115234375	0.0
2196.3	0.0	0.0
2196.4	1.10698242187	0.0
2198.0	1.15209960938	0.0
2200.7	0.0024169921875	0.0
2202.1	0.69287109375	0.0
2202.4	2.13903808594	0.0
2202.5	1.327734375	0.0
2202.8	0.98291015625	0.0
2205.7	1.09328613281	0.0
2206.3	0.992578125	0.0
2207.0	1.37365722656	0.0
2207.2	1.10053710938	0.0
2207.5	0.1869140625	0.0
2209.8	0.001611328125	0.0
2210.0	2.07055664062	0.0
2210.4	0.00322265625	0.0
2210.8	1.48483886719	0.0
2213.9	0.0	0.0
2214.2	0.898315429688	0.0
2214.5	0.638891601562	0.0
2214.7	1.93681640625	0.0
2216.2	1.09086914062	0.0
2217.6	0.014501953125	0.0
2218.9	0.957934570312	0.0
2219.9	1.27536621094	0.0
2220.7	0.091845703125	0.0
2221.7	0.0	0.0
2222.4	1.23588867187	0.0
2222.7	0.0	0.0
2223.7	1.14565429687	0.0
2225.3	1.17385253906	0.0
2226.1	1.13840332031	0.0
2226.2	1.21333007813	0.0
2226.8	1.10537109375	0.0
2226.9	1.08603515625	0.0
2227.0	0.01611328125	0.0
2233.0	0.0	0.0
2235.7	0.0	0.0
2242.1	0.93779296875	0.0
2242.6	0.020947265625	0.0
2242.7	1.14565429687	0.0
2244.2	1.08200683594	0.0
2244.9	1.05864257812	0.0
2245.5	1.1021484375	0.0
2246.5	0.863671875	0.0
2246.5	0.0193359375	0.0
2248.4	2.12534179687	0.0
2249.5	1.11745605469	0.0
2249.6	0.391552734375	0.0
2251.9	0.932958984375	0.0
2252.3	1.095703125	0.0
2252.7	1.01513671875	0.0
2254.8	1.02883300781	0.0
2254.9	2.13098144531	0.0
2257.0	1.08039550781	0.0
2258.0	1.173046875	0.0
2259.0	0.0	0.0
2260.4	0.932958984375	0.0
2261.6	0.0	0.0
2263.6	0.00966796875	0.0
2264.4	0.983715820312	0.0
2264.6	0.945043945312	0.0
2264.7	1.18513183594	0.0
2265.8	1.06428222656	0.0
2266.2	1.173046875	0.0
2266.3	1.09328613281	0.0
2266.8	0.0233642578125	0.0
2267.6	1.40668945312	0.0
2267.8	1.069921875	0.0
2269.1	2.13823242187	0.0
2269.7	1.50095214844	0.0
2269.9	0.4576171875	0.0
2270.4	1.21494140625	0.0
2271.7	0.02578125	0.0
2271.8	0.14501953125	0.0
2274.7	0.098291015625	0.0
2276.4	1.05139160156	0.0
2276.6	1.02319335938	0.0
2277.1	0.936987304687	0.0
2281.8	0.0	0.0
2283.5	1.30356445312	0.0
2283.8	0.988549804687	0.0
2284.2	1.22944335938	0.0
2285.9	0.0	0.0
2286.0	0.78310546875	0.0
2287.1	0.116015625	0.0
2287.5	0.971630859375	0.0
2287.7	0.0	0.0
2288.3	1.00546875	0.0
2288.9	0.00322265625	0.0
2289.1	1.250390625	0.0
2289.5	0.0	0.0
2290.0	1.09328613281	0.0
2291.6	0.0	0.0
2294.0	0.037060546875	0.0
2294.3	1.16901855469	0.0
2295.8	0.437475585937	0.0
2296.7	0.0	0.0
2297.3	0.340795898437	0.0
2298.8	0.165966796875	0.0
2300.1	0.0	0.0
2300.8	1.02802734375	0.0
2301.8	0.51884765625	0.0
2303.7	1.03286132812	0.0
2303.9	0.0	0.0
2304.5	1.24313964844	0.0
2305.3	1.69189453125	0.0
2306.5	0.0	0.0
2306.7	0.0	0.0
2307.0	1.40991210938	0.0
2307.3	0.1546875	0.0
2309.7	0.362548828125	0.0
2310.0	0.943432617187	0.0
2310.8	1.08603515625	0.0
2313.0	1.01433105469	0.0
2314.5	1.24555664062	0.0
2316.8	0.0829833984375	0.0
2316.9	1.16499023438	0.0
2317.9	1.08764648438	0.0
2318.4	0.0	0.0
2318.9	2.13178710937	0.0
2320.4	1.18110351563	0.0
2321.9	1.19479980469	0.0
2322.1	1.03044433594	0.0
2322.8	1.26650390625	0.0
2326.0	0.033837890625	0.0
2326.4	0.0451171875	0.0
2328.1	0.020947265625	0.0
2328.2	1.26247558594	0.0
2328.9	0.948266601562	0.0
2329.2	1.05783691406	0.0
2330.1	0.0	0.0
2330.4	0.0	0.0
2330.5	1.07475585937	0.0
2330.6	1.13920898437	0.0
2330.7	1.16499023438	0.0
2330.7	1.12067871094	0.0
2331.4	0.014501953125	0.0
2333.6	1.173046875	0.0
2335.2	0.0	0.0
2335.3	1.08442382813	0.0
2335.7	1.17143554687	0.0
2339.2	1.353515625	0.0
2339.5	0.911206054687	0.0
2340.8	1.19399414062	0.0
2341.9	0.011279296875	0.0
2342.2	0.0	0.0
2344.1	0.0	0.0
2345.3	0.027392578125	0.0
2349.4	1.21171875	0.0
2349.8	1.10939941406	0.0
2350.0	0.0	0.0
2350.9	0.920068359375	0.0
2351.5	0.124072265625	0.0
2352.3	0.0	0.0
2354.1	0.0	0.0
2356.3	0.397998046875	0.0
2357.4	1.68142089844	0.0
2357.5	0.9345703125	0.0
2358.2	0.410083007812	0.0
2358.4	0.030615234375	0.0
2358.4	1.50014648437	0.0
2358.6	0.94423828125	0.0
2358.8	1.17143554687	0.0
2358.8	0.9861328125	0.0
2359.5	0.3416015625	0.0
2363.2	1.22863769531	0.0
2363.5	0.0	0.0
2363.6	0.481787109375	0.0
2364.0	0.926513671875	0.0
2365.3	0.038671875	0.0
2366.7	0.0	0.0
2367.5	0.211083984375	0.0
2368.4	1.13840332031	0.0
2368.6	1.54848632812	0.0
2369.2	1.35512695312	0.0
2371.3	0.0	0.0
2372.1	1.19560546875	0.0
2372.7	0.0	0.0
2372.8	1.2310546875	0.0
2373.0	0.02255859375	0.0
2373.3	0.577661132812	0.0
2373.6	0.95712890625	0.0
2373.8	1.14887695313	0.0
2374.3	0.0	0.0
2375.6	1.340625	0.0
2376.3	0.0	0.0
2378.0	0.4833984375	0.0
2378.4	0.0	0.0
2378.8	0.24814453125	0.0
2380.7	1.23991699219	0.0
2381.3	1.28342285156	0.0
2383.9	0.561547851562	0.0
2384.4	1.05703125	0.0
2384.8	0.0	0.0
2385.0	1.0248046875	0.0
2385.6	0.790356445312	0.0
2386.2	0.998217773437	0.0
2386.3	0.001611328125	0.0
2386.8	0.0	0.0
2387.7	1.198828125	0.0
2388.8	1.10778808594	0.0
2388.9	0.049951171875	0.0
2390.0	0.0	0.0
2390.6	0.09345703125	0.0
2392.3	1.19560546875	0.0
2393.4	1.01433105469	0.0
2393.6	1.19399414062	0.0
2394.6	1.03688964844	0.0
2394.9	0.978076171875	0.0
2395.7	0.0	0.0
2396.5	1.018359375	0.0
2397.6	1.2439453125	0.0
2398.2	0.0	0.0
2400.0	0.0	0.0
2400.1	0.33837890625	0.0
2400.7	1.4953125	0.0
2401.5	1.14484863281	0.0
2403.6	1.54204101562	0.0
2405.4	1.12229003906	0.0
2406.5	0.0	0.0
2407.1	0.285205078125	0.0
2407.4	0.768603515625	0.0
2407.9	1.21735839844	0.0
2408.1	0.0	0.0
2408.4	0.0064453125	0.0
2409.8	0.0	0.0
2411.0	0.02900390625	0.0
2413.3	0.80888671875	0.0
2415.8	1.76843261719	0.0
2416.4	0.0	0.0
2416.8	1.0828125	0.0
2417.3	1.28503417969	0.0
2418.7	1.11020507812	0.0
2419.8	0.968408203125	0.0
2420.1	1.10134277344	0.0
2420.1	1.29953613281	0.0
2425.1	1.03850097656	0.0
2425.4	0.7412109375	0.0
2425.5	0.626806640625	0.0
2429.6	0.0	0.0
2429.7	0.0064453125	0.0
2430.1	0.0	0.0
2430.1	1.41555175781	0.0
2430.6	0.0	0.0
2431.8	0.584106445312	0.0
2433.4	1.07797851562	0.0
2434.7	0.0	0.0
2435.8	0.0	0.0
2437.2	0.9603515625	0.0
2440.1	0.0	0.0
2440.4	1.10859375	0.0
2440.5	0.4833984375	0.0
2440.7	0.0	0.0
2440.7	0.0	0.0
2443.3	1.05783691406	0.0
2444.2	0.0	0.0
2444.6	0.0322265625	0.0
2444.7	1.01513671875	0.0
2444.8	0.43828125	0.0
2445.1	0.4705078125	0.0
2446.4	0.0	0.0
2446.6	2.01818847656	0.0
2448.5	0.0	0.0
2449.4	0.7927734375	0.0
2450.2	0.0	0.0
2452.1	2.13420410156	0.0
2452.1	0.017724609375	0.0
2452.8	1.07314453125	0.0
2453.1	1.14323730469	0.0
2456.8	1.07878417969	0.0
2457.5	0.0	0.0
2458.8	0.852392578125	0.0
2460.1	0.0	0.0
2460.8	1.11987304688	0.0
2461.2	0.0	0.0
2461.5	0.967602539062	0.0
2462.3	1.08120117187	0.0
2462.4	0.0	0.0
2462.8	1.0634765625	0.0
2463.2	0.684008789062	0.0
2463.3	1.03447265625	0.0
2465.0	1.21735839844	0.0
2465.9	1.03205566406	0.0
2466.8	0.28359375	0.0
2467.1	1.19077148437	0.0
2467.7	1.12229003906	0.0
2468.6	0.9861328125	0.0
2469.0	0.0	0.0
2471.0	2.14226074219	0.0
2472.8	1.73056640625	0.0
2476.6	0.182080078125	0.0
2478.0	0.8572265625	0.0
2478.4	0.017724609375	0.0
2478.7	1.16257324219	0.0
2479.0	0.0	0.0
2479.0	1.02802734375	0.0
2480.2	0.0	0.0
2481.0	2.14226074219	0.0
2485.9	0.08701171875	0.0
2486.8	0.73154296875	0.0
2487.1	1.06589355469	0.0
2488.0	0.77666015625	0.0
2489.3	1.20366210937	0.0
2489.4	0.0	0.0
2490.4	0.955517578125	0.0
2491.1	0.613916015625	0.0
2491.2	0.0	0.0
2491.4	1.00546875	0.0
2491.5	1.06589355469	0.0
2491.7	0.9603515625	0.0
2491.9	0.0040283203125	0.0
2492.2	1.13920898437	0.0
2492.5	1.19479980469	0.0
2492.9	0.0	0.0
2494.3	1.12390136719	0.0
2495.1	0.0	0.0
2495.4	1.24475097656	0.0
2499.4	0.0	0.0
2500.5	0.0515625	0.0
2500.7	1.05703125	0.0
2500.8	0.0	0.0
2501.3	1.21252441406	0.0
2502.8	1.15693359375	0.0
2502.9	1.08845214844	0.0
2503.8	0.4060546875	0.0
2504.6	0.0	0.0
2506.0	0.0	0.0
2507.8	1.00949707031	0.0
2508.0	1.21413574219	0.0
2508.4	0.0	0.0
2508.4	0.0	0.0
2509.7	1.21171875	0.0
2510.4	0.97646484375	0.0
2510.5	1.34626464844	0.0
2511.0	1.19077148437	0.0
2512.0	0.0926513671875	0.0
2512.0	0.6767578125	0.0
2512.4	0.974047851562	0.0
2517.1	0.0	0.0
2518.6	0.0322265625	0.0
2519.0	0.0	0.0
2521.5	0.523681640625	0.0
2522.9	0.336767578125	0.0
2523.2	0.880590820312	0.0
2524.2	0.0	0.0
2525.2	1.15048828125	0.0
2526.0	1.1021484375	0.0
2526.1	1.18674316406	0.0
2527.3	0.322265625	0.0
2527.5	0.0	0.0
2528.1	0.00322265625	0.0
2528.4	0.427001953125	0.0
2530.2	1.11020507812	0.0
2530.5	1.05541992188	0.0
2534.1	0.20625	0.0
2535.4	0.994189453125	0.0
2535.5	1.28583984375	0.0
2537.7	0.939404296875	0.0
2537.9	1.21494140625	0.0
2541.3	1.24475097656	0.0
2541.5	2.13662109375	0.0
2541.6	1.1537109375	0.0
2542.0	1.01755371094	0.0
2543.5	0.0	0.0
2543.8	0.0	0.0
2544.4	0.992578125	0.0
2544.6	0.0	0.0
2546.2	0.0523681640625	0.0
2546.5	0.858032226562	0.0
2547.2	1.27294921875	0.0
2549.0	1.00546875	0.0
2549.2	1.353515625	0.0
2549.4	0.0	0.0
2553.2	0.020947265625	0.0
2554.3	1.15451660156	0.0
2555.6	1.1859375	0.0
2556.8	0.95712890625	0.0
2556.9	0.0	0.0
2557.9	0.40283203125	0.0
2558.9	0.0	0.0
2560.2	1.05944824219	0.0
2560.7	0.0	0.0
2561.7	0.001611328125	0.0
2562.0	1.06911621094	0.0
2562.7	0.0	0.0
2563.2	2.13742675781	0.0
2564.1	1.28181152344	0.0
2564.1	0.971630859375	0.0
2565.0	0.0	0.0
2565.0	0.0	0.0
2565.1	0.391552734375	0.0
2567.6	0.0	0.0
2568.5	0.0	0.0
2569.0	0.00322265625	0.0
2569.0	0.0	0.0
2569.1	0.0	0.0
