1	0.29002624
1	0.40983164
1	1.91168788
1	5.91837516
1	6.20424094
1	6.63213898
1	7.06265652
1	9.67323192
1	9.87719586
1	10.74446386
1	11.89474526
1	14.46483456
1	15.23216264
1	18.93901016
1	19.58592208
1	21.78953572
1	22.36561582
1	23.34278944
1	26.19789024
1	26.48118442
2	26.48118916
1	31.79857412
1	37.69740864
1	38.03368256
1	39.89457588
1	43.13259020
1	47.36655382
1	47.50376400
1	49.11841060
1	50.12088900
1	57.06306350
1	57.06309690
1	58.31565890
1	62.78197116
2	62.78197524
1	63.37123868
1	65.11146244
1	67.64822406
1	68.88812348
1	69.57877140
1	72.33618080
1	78.69730378
1	80.47289740
1	81.22189480
1	83.12505292
1	0.93922410
1	2.19779324
1	2.64173008
1	7.94010500
1	9.43269424
1	9.87254872
1	10.38337894
1	10.39033848
1	12.19995170
1	17.81942844
1	18.85371446
1	19.72770208
1	19.97742374
1	24.60348420
1	25.00723884
1	25.15853590
1	27.01344678
1	27.34361360
1	27.66335152
1	28.14961008
1	28.57614046
1	28.88820120
1	32.18659320
1	35.08580958
1	35.13648508
1	36.83155504
1	36.97497728
1	38.68148110
1	42.28520578
1	45.21802634
1	47.00281774
1	47.61124132
1	47.73852320
1	48.19284532
1	49.28213656
1	49.42997836
1	49.45784262
1	49.97891150
1	51.64981678
1	51.86165058
2	51.86165106
1	56.15882404
1	56.69428120
1	58.30171630
1	62.33746292
1	65.40845684
1	70.25863314
1	71.15797852
1	71.71894762
1	72.19885824
1	75.47454358
1	76.49754390
1	78.96514768
1	79.19920262
1	82.40482342
1	83.27137408
1	88.28424736
1	92.90137758
1	95.62070654
1	97.00950756
1	97.72180212
1	103.75300702
1	103.98138188
1	104.66541154
1	104.84335490
1	104.87429618
1	110.65885162
1	116.55289850
2	116.55289976
1	117.15543774
1	122.34737536
1	124.61394600
1	128.53732750
1	131.90348290
1	134.03091724
2	134.03091776
1	134.86498602
1	134.88483836
1	135.36861464
1	137.79072250
1	138.74783514
1	138.91449590
1	154.25132936
1	156.97879602
1	158.10747134
1	158.28963788
1	158.70308190
1	159.20488414
1	163.80812810
1	167.93873828
1	168.06582714
1	168.61487250
1	86.28335816
1	90.18776246
1	92.23940474
1	99.09185754
1	100.14550278
1	100.68898486
1	102.83039550
1	107.41022618
1	108.88191218
1	112.12846306
1	112.23370992
1	120.18336796
1	122.42910982
1	123.49521888
1	123.93599856
1	124.18942844
1	125.53872308
1	125.69444742
1	127.56792844
1	132.86580628
1	133.68273222
1	135.02106112
1	135.45310664
1	139.08985168
1	145.61353952
1	147.08673678
1	151.13298626
1	156.17243084
1	158.01157404
1	159.72519008
1	160.65413814
1	161.36100804
1	165.24793440
1	169.21652700
1	173.81863366
1	174.01667852
2	174.01668024
1	174.53098990
1	174.56135598
1	174.87542306
1	175.67197186
1	176.39543620
1	176.82609194
1	179.48025254
1	180.89632654
1	185.37621622
1	187.70391524
1	187.78313818
1	187.95464104
1	189.12187602
1	189.74021442
1	190.53969106
1	190.91620140
1	194.32085596
1	194.68061072
1	196.32391618
1	196.38430496
1	204.41572978
1	205.37773566
1	205.93366474
1	206.01148280
1	207.77676082
1	209.62233448
1	210.07918738
1	210.82624792
1	212.10405360
1	213.57883030
1	225.06016790
1	225.10294722
1	226.60396654
1	227.81236408
1	227.92311620
1	229.15599544
1	231.97832238
1	233.46685836
1	235.43479964
1	240.54333448
1	248.58101226
1	248.63266144
1	250.42653818
1	250.79819208
1	252.51810442
1	253.25463842
1	255.23117048
1	173.04603034
1	173.48738778
1	174.06641874
1	174.79024208
1	174.82422870
1	176.04782628
1	180.71667666
1	182.13163222
1	182.35464092
1	183.61760110
1	185.59334902
1	185.91738504
1	187.06742680
1	189.58941888
1	189.86632238
1	191.41208832
1	192.44605874
1	194.33075250
1	199.81408662
1	207.55241660
1	209.17315498
1	211.19233522
1	213.63556986
1	214.70274222
1	219.11438668
1	220.71588118
1	222.18594992
1	222.46243978
1	228.63245932
1	229.84605154
1	230.73065650
1	232.15651480
1	232.64992472
1	234.03742388
1	234.10890834
1	234.58545060
1	236.65108228
1	244.75070196
1	245.58798692
1	246.25401302
1	246.50081010
1	248.53762260
1	249.89999752
1	251.80342638
1	256.59912554
1	257.77267414
1	261.97000594
1	267.69343728
1	268.92508568
1	269.47826874
1	270.42817660
1	271.59533290
1	272.79687916
1	274.22927530
1	274.31114594
1	274.90022286
1	275.43964038
1	275.66400302
1	275.72090550
1	276.21426286
1	278.65389848
1	279.05600912
1	283.36661188
1	284.42896456
1	288.53778522
1	288.83977610
1	290.83193448
1	293.92868492
1	294.42425070
1	295.26460642
1	301.94287176
1	302.04979840
1	302.71264130
1	305.36735092
1	308.46869780
1	309.12751802
1	310.59228840
1	310.86653548
1	311.53052946
1	312.85211558
1	315.55082632
1	316.48782862
1	318.31671742
1	319.50045528
1	327.06015728
1	328.18444256
1	328.41280906
1	329.65619772
1	335.25234838
1	336.67558406
1	339.03945132
1	340.06139040
1	342.15808052
1	342.22336024
1	259.15981808
1	259.28619360
1	263.05699212
1	264.09816794
1	268.61916056
1	272.14781768
1	273.53236366
1	277.81459202
1	280.85044522
1	281.72717546
1	284.15191810
1	286.28903732
1	291.48006608
1	291.97689680
1	292.02458546
1	292.51425798
1	292.77427282
1	294.38883640
1	295.96238594
1	296.05101314
1	299.57543902
1	300.34200448
1	301.21230196
1	304.46719006
1	306.62317588
1	308.50137728
1	312.33229532
1	312.93223776
1	313.92939456
2	313.92940390
1	315.69070364
1	315.93847842
1	316.45390780
1	319.72211782
1	321.03463650
1	322.63361414
1	322.72772534
1	324.65523342
1	331.13149706
1	336.67503438
1	340.03945544
1	340.61815330
1	345.10154236
1	345.65380224
1	346.00018410
1	346.07091562
1	346.86933804
1	347.23846022
1	351.52114652
1	353.21516398
2	353.21516742
1	357.87154654
1	360.62018692
1	362.06585324
1	362.87303206
1	363.29841344
1	365.07927718
1	369.08013660
1	371.65151210
1	372.40875296
1	373.73180632
1	377.18394200
1	380.15428134
1	383.04744552
1	384.95808534
1	386.04134212
1	388.86699080
1	389.78811492
1	391.39940470
1	395.60784480
1	397.85234690
1	401.79901340
1	401.87673476
1	403.19528290
1	403.61709276
1	404.47304342
1	404.66046314
1	408.54022752
1	410.95600008
1	414.52245680
1	417.07043228
1	418.67500280
1	419.39261438
1	420.02475526
1	427.19628160
1	345.74208478
1	346.30593530
1	356.44424794
1	359.99392246
1	363.88536030
1	364.68875984
1	371.09716574
2	371.09717114
1	374.96589318
1	376.52597536
1	381.74002506
1	381.76553874
1	383.92312094
1	384.18135386
1	386.54637068
1	389.82906092
1	390.51110716
1	395.01662730
1	395.14434962
1	400.32718610
1	403.08803242
1	404.21748094
1	404.42957288
1	405.16329686
1	405.31600764
1	406.01916288
1	410.81458500
1	421.24021730
1	423.49225462
1	429.74249792
1	432.54938384
1	434.14855776
1	434.39698474
1	434.92462374
1	436.43459494
1	437.88088432
1	438.22912210
1	448.42380778
1	449.24914700
1	449.94450276
1	450.96726110
1	452.33187396
1	453.20536908
1	463.25514434
1	464.60418870
1	465.85983074
1	472.49141314
1	473.14350958
1	474.08189424
1	475.91481470
1	476.81640880
1	479.37776272
1	479.74640960
1	482.19404580
1	483.94498100
1	485.18424384
1	491.44659254
1	492.11438610
1	493.71002858
1	494.64080470
1	495.82941996
1	497.71095602
1	498.71247510
1	503.84586902
1	507.68658992
1	429.80570640
1	435.22624216
1	436.25846952
1	437.08672028
1	439.61161592
1	440.46181846
1	442.37953272
1	443.60885456
1	444.43352170
1	444.81460256
1	463.75864470
1	465.13753684
1	466.60009752
1	473.49342452
1	474.34660756
1	475.66737494
1	476.94420224
1	478.27901028
1	478.83969000
1	480.00095598
1	481.89108160
1	482.49424870
1	482.71022138
1	486.60645808
1	487.20032228
1	488.64549748
1	490.58301740
1	491.79946954
1	493.92277326
1	495.53452394
1	498.47189088
1	498.61912128
1	501.53831642
1	503.11659872
1	503.62596796
1	504.64465284
1	510.74970978
1	511.54859788
2	511.54859964
1	515.49005794
1	515.53175260
1	517.69426848
1	520.28370412
1	521.48926884
1	523.62953158
1	525.94745184
1	531.43788296
1	531.99445800
1	532.72961158
1	532.76992418
1	534.60356924
1	535.75306042
1	536.73871152
1	539.15191214
1	539.95389314
1	543.69061904
1	547.09156116
1	548.06717282
1	554.48149268
1	557.65729960
1	557.84811876
1	558.47940358
1	559.14188064
1	561.41441342
1	563.20837846
1	563.52677328
1	564.13379798
1	565.04924994
1	577.95314010
1	580.81742532
1	582.83791796
1	587.83006694
1	592.84781298
1	594.41425484
1	594.94475048
1	598.71291016
1	600.43075380
1	600.55858356
1	516.07053110
1	526.14582516
1	528.37550698
1	531.14889642
1	531.41470928
1	532.02683892
1	534.00003548
1	538.30623320
1	540.95372830
1	543.88831064
1	545.50236650
1	547.55254974
1	550.77230832
1	551.53199444
2	551.53200620
1	561.04395002
1	561.95775632
1	562.24503266
1	564.18834948
1	567.42491344
1	567.72128480
1	570.09608394
1	570.40776864
1	573.26908894
1	579.71407102
1	580.43724112
1	588.51937024
1	591.75306432
1	592.21414304
1	596.00970038
1	597.01568484
1	603.17882084
1	603.70069156
1	605.66324406
1	611.93955294
1	612.49421084
1	613.12747878
1	616.68415218
1	617.01795494
1	619.55853314
1	622.05591574
1	633.49826570
1	634.37371390
1	635.53160098
1	635.90134324
1	637.25915628
1	640.74677816
1	643.68731168
1	649.75533910
1	650.90918534
1	653.08392990
1	656.35787002
1	656.69065950
1	657.48716146
1	658.58856054
1	658.68759546
1	659.74718754
1	664.16322398
1	665.51857630
1	668.27424502
1	670.31295204
1	671.92309692
1	674.58248388
1	674.65712584
1	680.16152412
1	681.50160416
1	681.69131358
1	684.82066312
1	603.00626646
1	604.47924906
1	605.65146818
1	605.73279430
1	606.40466072
1	608.30643654
1	610.18041922
1	610.46840274
1	611.48620756
1	612.93720826
1	613.25999290
1	618.64265018
1	619.80683022
1	625.08715588
1	625.33616336
1	632.99205502
1	634.00529656
1	638.47829702
1	639.35524568
1	640.97363522
1	641.09325248
1	641.44228592
1	644.52281996
1	645.32688296
1	647.87691910
1	650.71349098
1	650.78574208
1	651.27280938
1	656.06660158
1	656.76701950
1	658.40514776
1	660.42260894
1	660.61395156
1	662.40981616
1	662.46324394
1	666.88501030
1	667.04327036
1	667.79161156
1	668.34611308
1	671.88465040
1	674.97868482
1	675.26809124
1	681.51025234
1	684.07140918
1	685.57863540
1	686.50226730
1	686.93573258
1	0.60332868
1	2.90269410
1	4.92799396
1	9.43630362
1	12.69866902
1	14.56382792
1	15.32034068
1	17.85500712
1	19.11281828
1	22.19770382
1	22.51933232
1	26.41729980
1	26.59737702
2	26.59737952
1	26.97800048
1	27.23746392
1	35.58066166
1	40.15984578
1	41.36232158
1	43.81160722
1	53.51227534
1	57.22054862
1	58.25187034
1	60.18199648
1	63.75140618
1	66.09530818
1	68.79538804
1	71.78373456
1	73.10166288
1	80.12426330
1	80.27466482
1	81.25536154
1	84.44534562
1	1.84936740
1	5.42412660
1	6.92583868
1	14.59175160
1	15.00395542
1	17.35955580
1	18.51775668
1	20.70250992
1	21.36166554
1	23.01189714
1	30.71267530
1	31.44774048
1	33.06511628
1	33.93118690
1	40.86284048
1	44.89268688
1	45.30617802
2	45.30617940
1	45.57709472
1	46.43995018
1	48.36668888
1	52.57434054
1	55.80274798
1	56.50484230
1	59.23635178
1	62.25273014
1	62.66708452
1	65.39502540
1	66.31227076
1	71.90973380
1	73.15949248
1	73.81087190
1	74.00116826
1	79.12924150
1	81.89822018
1	91.79442638
1	94.09633648
1	96.29980730
1	100.46655270
1	105.22015670
1	109.08142406
1	110.00285588
1	110.08934622
1	112.71478926
1	116.94376960
1	126.08520352
1	128.17006638
1	129.39164254
1	130.68903562
1	133.82986500
1	134.34473246
1	135.45797284
1	136.05907268
1	136.87381092
1	138.95091370
1	139.90160616
1	140.69555042
2	140.69555774
1	145.15694998
1	149.78247754
1	152.37008242
1	152.60577922
1	158.53842162
1	158.67587956
1	162.69565710
1	166.98944294
1	168.24906084
1	169.92393722
1	86.01350782
1	86.19702342
1	86.91551152
1	88.72220482
2	88.72220664
1	92.45110856
1	93.73721830
1	94.17504828
1	97.82195744
1	98.53495380
1	102.86062552
1	106.84885356
1	106.87506634
1	118.42926140
1	119.60771474
1	125.75088276
1	125.97190752
1	130.83714906
1	131.47182854
1	134.85983488
1	150.12698542
1	151.72696506
1	157.92453776
1	159.63582608
2	159.63584418
1	166.78478864
1	169.17580048
1	169.81242048
1	171.65968310
1	175.29701992
1	175.63391732
1	179.26156946
1	181.72997238
1	182.07922926
1	184.27465924
1	189.39731782
1	192.51472800
1	197.02076320
1	199.30804970
1	202.33651970
2	202.33652390
1	205.17331816
1	206.03811964
1	207.73923992
1	210.15056436
1	210.41744406
1	214.27462260
1	215.77489388
1	216.02709754
1	222.60407108
1	223.91784528
1	224.77571006
1	233.25561110
1	236.00134024
1	236.90221526
1	237.54024780
1	237.93285964
1	242.44067896
1	242.57088086
1	243.21101720
1	244.63252124
1	246.65808772
1	247.08737446
1	252.12525528
1	252.24276754
1	255.25389996
1	257.55645790
1	172.79843444
1	173.29819668
1	175.03129532
1	177.51047004
1	178.95661072
1	182.75790114
1	184.21409286
1	186.20699282
1	187.04132896
1	191.57939914
1	199.14018182
1	202.26110454
1	208.84927438
1	209.52045934
1	212.58339070
1	213.50713462
1	215.65300254
1	216.93195656
1	218.50877938
1	218.89933938
1	221.05803978
1	226.32875830
2	226.32876768
1	226.61977338
1	231.23303282
1	232.51122382
1	233.24164792
1	236.87459352
1	238.48158594
1	243.20733072
2	243.20733810
1	244.26104836
1	245.92916786
1	247.00434808
1	248.73729304
1	249.23418508
1	253.15596252
1	257.58546166
1	259.05290058
1	259.06909364
1	260.28445536
1	261.48107170
1	270.79184440
1	272.31961684
1	275.09691684
1	277.56008316
1	277.75288500
1	278.10096206
1	278.94238336
1	281.03384954
1	281.19221172
1	281.93745214
1	282.24505406
1	282.92812014
1	284.53120240
1	290.51291908
1	291.30508450
1	292.32870920
1	292.61965014
1	298.46976384
1	298.49397510
1	299.20880864
1	300.80391752
2	300.80391856
1	302.53404660
1	302.87815488
1	307.43290530
1	307.45892196
1	310.02670524
1	310.26681482
1	310.44518614
1	312.04179312
1	314.41890442
1	316.90906406
2	316.90906770
1	317.84038820
2	317.84038928
1	319.96171566
1	324.62854920
1	328.13879648
1	328.39778578
1	330.06435992
1	331.66872652
1	332.72667882
1	337.80973236
1	339.54867688
1	340.21843904
1	340.60400484
1	260.18247040
1	260.20087724
1	260.31327776
1	260.62302290
1	262.31971304
1	267.35844236
1	270.73586882
1	277.89682354
1	279.86756304
1	288.14224750
1	288.19167006
1	289.78793088
1	291.59369716
1	293.74522748
1	293.89457702
2	293.89457860
1	294.30411436
1	295.27796078
1	296.70688946
1	303.04353532
1	311.48423778
1	311.54829788
1	311.60211728
1	314.32693922
2	314.32694150
1	315.82155318
1	321.33492742
1	321.48163832
1	323.35014162
1	327.82918294
1	331.28976372
1	332.39338834
1	334.12836084
1	335.61069680
1	336.32110502
1	341.08951398
1	343.72920172
1	344.68500676
1	346.76992270
1	349.04449514
1	350.55221926
1	360.46632104
1	361.84735014
1	362.45896798
1	362.70042258
1	363.46963036
1	364.27558096
1	365.30598534
1	367.08813012
1	370.55303294
1	372.46738696
1	372.56023848
1	374.27720880
1	375.77399722
1	379.84672922
1	381.39430292
1	384.09233420
1	384.43771480
1	386.05540180
1	387.15601722
1	394.51342690
1	396.21432506
1	397.92111454
1	398.33924726
1	401.20124400
1	401.51180556
1	404.64888602
1	404.76304878
1	406.11964920
1	410.92483516
1	414.48036198
1	418.96657398
1	419.10642172
1	422.74609526
1	425.24429460
1	429.24793536
1	344.84790874
1	347.26702780
1	347.99626794
1	349.83312926
1	354.98089980
1	355.52016946
1	358.79752918
1	362.39991120
1	362.45373272
1	364.61179990
1	367.63320326
1	367.66228222
1	368.43338748
1	371.18453936
1	372.34385498
1	374.89726958
1	376.88642362
1	377.52867496
1	378.42683030
1	379.59705192
1	379.87126012
1	381.17885880
1	381.87362460
1	381.88023904
1	383.06158868
1	385.88108220
1	387.18172732
1	388.28272140
1	390.82522710
1	392.68187480
1	393.96365374
1	396.44408110
1	397.75078438
1	397.99854670
1	399.33137468
1	400.13146070
1	402.36294298
1	408.71772690
1	409.13985784
1	409.81321424
1	411.14777572
1	415.59190906
1	416.63809342
1	416.86938912
1	421.01622082
1	422.93452748
1	425.49041252
1	425.78351444
1	427.38699848
1	429.37405722
1	433.59915686
1	436.92506452
1	439.33695970
1	440.20639442
1	442.14154934
1	445.99659254
1	446.10532412
1	446.54132690
1	447.08868696
1	447.65792572
1	448.54764940
1	451.16076174
1	454.67641562
1	461.18491712
1	462.57107320
1	462.81234864
1	462.91786118
1	464.27095910
1	471.73211136
1	472.88055620
1	475.96637134
1	479.11541524
1	479.51049554
1	483.19267094
1	489.07252050
1	490.01075068
1	490.87445262
1	491.62929616
1	495.16188912
1	498.09673926
2	498.09675934
1	499.18782668
2	499.18782716
1	500.25610602
1	500.43004158
1	500.90774070
1	505.59959810
1	507.71562770
1	514.14199608
1	515.24108448
1	432.59382040
1	434.74987774
1	435.73818080
1	435.76602002
1	437.57364518
1	439.43127554
1	448.37728900
1	448.55915852
1	454.19630048
1	454.67899398
1	456.77254654
1	461.06362944
1	462.11834608
1	466.12269228
1	468.83474646
1	476.56752882
1	480.77784344
1	481.35110394
1	490.07072906
1	490.18290780
1	491.53127602
1	498.38066032
1	501.15276744
1	503.73562158
1	506.08370198
1	506.62260734
1	508.94449528
1	512.70288474
1	513.58655990
1	515.38610986
1	518.53572310
1	523.90317730
1	525.32078286
1	532.71219602
1	535.22488170
1	535.27904674
1	535.62867516
1	535.87842412
1	536.91205144
1	537.14049028
1	539.05712840
1	545.00652300
1	548.28734116
1	549.16878954
1	550.05321934
1	552.59454668
1	560.25159750
1	561.56588300
1	572.17166848
1	576.83844304
1	579.52274570
1	582.77772302
1	583.45857076
1	586.70974800
1	587.64688272
1	590.51568934
1	593.76801276
1	596.10834212
1	599.17954946
1	519.64850626
1	525.14585050
1	526.33407270
1	528.82140320
1	528.95953642
1	530.90576144
1	531.55900216
1	532.72904174
1	537.68803694
1	538.57655508
1	539.47912540
1	539.51870840
1	540.72869954
1	542.86637292
1	543.52782298
1	546.75808604
1	549.06051982
1	553.52550844
1	554.71779458
1	555.03292194
1	556.65754870
1	556.92897362
1	558.81938486
2	558.81938534
1	560.42668056
1	560.67998754
1	561.23836356
1	561.55186778
1	564.54301282
1	568.68242742
1	570.37855900
1	573.65554286
1	573.90804752
1	574.89571692
1	577.68547392
1	579.99743154
1	582.13228638
1	584.13414294
1	585.53987946
1	590.57374546
1	592.83989958
1	593.72553808
1	594.15485522
1	595.83174884
1	603.97081234
1	607.60945164
1	607.73248488
1	608.54449032
1	612.72509948
1	612.76775422
1	613.92942472
1	620.37478282
1	622.17420336
1	623.27956972
1	627.41341644
1	627.94556728
1	628.14430392
1	629.47780430
1	633.33349310
1	634.74932024
1	635.76837992
1	637.81387594
1	641.11592606
1	646.37642422
1	650.37079662
1	654.10427652
1	656.66079904
1	661.10406446
1	664.68154522
1	667.81874156
1	671.87640424
1	673.44004838
1	674.84675624
1	679.09685644
1	681.30562034
1	601.37058444
1	602.50793214
1	608.10168318
1	614.79035098
1	615.45917272
1	616.90750786
1	617.09360358
1	618.60287998
1	619.86694628
1	621.56585406
1	625.14573160
1	630.80792504
1	631.69026286
1	632.34346604
1	637.49775158
1	637.75181058
1	642.25125802
1	646.68016654
1	647.30337006
1	653.11687160
1	654.21772776
1	663.12965150
1	667.12733120
1	667.50913596
1	667.91137158
1	675.08047396
1	676.87315098
1	677.86111936
1	679.78307918
2	679.78307990
1	681.79075530
1	687.06331236
1	0.33704784
1	4.18916676
1	4.47581662
1	6.82500040
1	11.17879162
1	13.27184698
1	14.88168554
1	15.61344826
1	15.82400216
1	18.51251928
1	19.09792548
1	27.18395846
1	29.82305036
1	30.81097252
1	32.28808754
1	32.90322996
1	41.84404664
1	43.29899482
1	45.41893838
2	45.41894186
2	45.41894480
1	47.72526444
1	51.06162502
1	54.94579136
1	57.22664408
1	58.19741408
1	62.76737790
1	67.07519714
1	67.44569960
1	67.49281552
1	70.78613274
1	73.48481024
1	75.17627082
1	76.04464054
1	84.05257274
1	85.69701760
1	0.70727486
1	4.69858404
1	5.82333058
1	5.83673962
1	6.90015992
1	12.14281574
1	12.41946912
1	13.10846692
1	16.01047862
1	16.75262740
1	18.03382650
1	18.36130030
1	21.78698950
1	24.62609338
1	24.72219768
1	25.17431518
1	27.09762034
1	28.92261192
1	29.40843116
1	31.25666846
1	32.72065392
1	33.33834454
1	33.77885776
1	35.87870600
1	36.30055342
1	38.56442984
1	38.68653304
1	41.37791062
1	42.53396114
1	45.03163072
1	46.35317174
1	47.36063532
1	48.21356236
1	56.19321444
2	56.19323212
1	56.35186790
1	56.41004742
1	61.48651938
1	62.08906906
1	64.50213632
1	67.15934568
1	70.42327448
1	71.48217510
1	72.86827994
1	75.75304200
1	76.05840368
1	78.67339224
1	80.26336110
1	81.16181420
1	81.72934026
1	82.84375132
1	83.17788762
1	85.53239838
1	88.44496066
1	97.71855540
1	101.94690874
1	103.23594496
1	107.70400460
1	113.27727788
1	114.21627292
1	116.00526770
1	122.08596370
1	128.01820640
1	129.15592886
1	139.23000836
1	141.54904128
1	145.53768164
1	147.18562534
1	148.61762252
1	153.21412784
1	153.54002412
1	154.99743022
1	158.07967310
1	166.54000638
1	167.32998546
1	168.36626368
1	168.56272254
1	85.93595420
1	92.69580504
1	96.94279668
1	97.26778620
1	99.04390398
1	103.92549960
1	106.67121920
1	108.74135182
1	109.57465004
1	113.49685944
2	113.49686066
1	118.25786822
1	119.51042586
1	123.12415024
2	123.12415146
1	124.58080708
1	125.78138968
1	128.27324502
1	128.69592884
1	130.94763748
1	131.18847872
1	133.73123716
1	133.86046720
1	138.48138164
1	141.14636116
1	142.30556072
1	147.59769232
1	148.93430466
1	149.41563026
1	153.02001628
1	153.49726026
2	153.49726078
1	158.49183958
1	166.76644980
1	167.61981578
1	168.29789994
1	168.72681722
1	168.75145808
1	172.16488096
1	179.24216218
1	181.79396652
1	184.13275748
1	187.18597994
1	191.31860056
1	194.11292726
1	197.35436502
1	200.61578856
1	201.81420540
1	203.25116828
1	206.19821870
1	206.22929530
1	206.26655658
2	206.26655730
1	206.45085456
1	207.08624468
1	209.94462182
1	211.88010902
1	215.16154112
1	218.56302816
1	218.63549924
1	219.34937988
1	219.51127938
1	220.30300492
1	221.19868164
1	224.52560980
1	226.26813138
1	229.24764932
1	229.89373006
1	231.05879286
1	235.47452570
1	240.34936926
1	243.95220938
1	243.97217816
1	246.82613028
1	249.13234718
1	250.71585986
1	174.99325264
1	177.75175538
1	183.19584282
1	184.25382576
1	185.71233704
1	187.72046682
1	189.51795384
1	192.61466614
1	194.64818690
1	195.80595988
1	197.91307386
1	200.47926704
1	206.22952358
1	207.24041516
1	212.69023550
1	212.99865576
1	220.88473662
1	222.44824170
1	232.63984540
1	235.12435858
1	239.37443058
1	239.74183690
1	240.58929916
1	244.62392888
1	250.73132480
1	254.92532816
1	256.19717596
1	262.17933758
1	262.74596920
1	278.60807778
1	280.75962802
1	281.87858086
1	284.32736022
1	287.99312888
1	298.15401480
1	301.85144290
1	304.01425568
1	308.94257782
1	309.39556444
1	310.25789338
1	313.09641524
1	316.47229446
1	318.50050628
1	323.31691856
1	328.89676810
1	331.09587182
1	331.20506888
1	331.45095544
1	331.64239746
1	331.77553472
1	331.95331280
1	335.70226536
1	335.91125724
1	341.02344444
1	343.41611660
1	257.94965770
1	257.99031478
1	262.98743270
1	272.71694316
1	274.45886150
1	277.78242124
1	281.12210274
1	281.34942262
1	282.38344338
1	289.29700972
1	292.38604512
1	293.48628558
1	324.96137452
1	328.65957734
1	330.22925360
1	333.55712008
1	337.66077814
1	347.42409016
1	348.48808350
1	348.90797120
1	349.14637078
1	359.55404296
1	362.05372238
1	365.79708454
1	368.29899300
1	368.40716128
1	371.49690056
1	378.45707918
1	387.91582244
1	388.91024320
1	402.57411250
1	404.15237032
1	406.84720712
1	410.98852278
1	411.64934968
1	412.99196654
1	413.50730604
1	414.99439046
1	423.18953722
1	423.51936712
1	424.25820598
1	350.07247190
1	361.15606670
1	361.63956398
1	362.21752216
1	368.78200064
1	371.35885332
1	374.26709782
1	375.62241022
1	376.55238860
1	377.33721332
1	377.88999588
1	378.50647448
1	383.68373032
1	386.78684696
1	388.19573812
1	391.53169090
1	392.79611000
1	402.46030896
1	408.51442678
1	412.32530750
1	413.44008744
1	414.04147310
1	428.03101344
1	437.09349644
1	439.76764446
1	439.93189092
1	440.74449942
1	449.60608344
1	450.67016094
1	451.25506246
1	457.89236766
1	458.49581644
1	461.76433376
1	464.80493644
1	466.65274688
1	467.51348712
1	479.66076754
1	485.54543980
1	488.31157044
1	488.89749348
1	489.06655974
1	493.52606500
1	493.53999924
1	496.81640992
1	498.73227884
1	503.99952002
1	506.55798428
1	511.09752646
1	511.80029810
1	513.66048744
1	430.61640768
1	435.07341822
1	437.91798498
1	438.93532220
1	441.45621460
1	446.68318734
1	447.90820682
2	447.90820838
1	452.80813162
1	458.95987924
1	459.26307148
1	468.78395664
1	481.95292170
1	487.94473636
1	490.31333712
1	505.99155620
1	507.60568028
1	509.92524028
1	511.70342664
1	513.78620248
1	515.42740882
1	517.86197212
1	522.63548632
1	525.93079228
1	529.64502126
1	533.42910800
1	537.64754276
1	539.83748264
1	540.20788980
1	554.38843216
1	555.77317158
1	558.34058032
1	561.97433320
1	562.17495824
1	564.34274812
1	565.23573708
1	567.78079538
1	570.41795446
1	578.76250902
1	586.98286506
1	589.26839592
1	592.25332762
1	594.82716564
1	598.12533234
1	598.94676952
1	515.94609180
1	516.48380410
2	516.48380626
1	524.76661952
1	526.14052900
1	532.17746500
1	538.33614460
1	540.41674588
1	560.74174294
2	560.74174440
1	561.13395466
1	565.55172616
1	565.79410398
1	567.55989854
1	571.37651366
1	573.87305284
1	575.62054626
1	589.39076060
1	589.93548430
1	593.82270038
1	606.87527732
1	608.41037548
1	609.25035482
1	611.99527518
1	616.27819942
1	616.57141298
1	617.30851012
1	619.79402350
1	623.30653674
1	628.83002676
1	629.25967666
1	632.47174772
1	642.89640700
1	648.73600018
1	656.07066714
1	660.95829666
1	660.96828956
2	660.96829070
1	661.62105360
1	663.53745116
1	666.77645002
1	667.30418582
1	668.77883222
1	672.06518520
1	672.36134012
1	673.18060000
1	679.50357004
1	680.91856674
1	681.85286398
1	682.54102056
1	684.20898814
1	686.57779294
1	602.34146496
1	605.70303248
1	606.51356522
1	621.45116360
1	627.49688590
1	631.35587766
1	632.14163302
1	634.92874594
1	635.75189842
1	639.34628942
1	639.86548620
1	642.55585294
1	668.90378484
1	672.11607526
1	675.04253462
1	681.70149562
1	684.96046960
1	685.20868110
1	0.18471816
1	1.53079998
1	6.54908208
1	7.45952128
1	11.10581256
1	12.00690052
1	18.53569596
1	20.06468624
1	21.62389586
1	22.13872648
1	41.07323030
2	41.07323134
1	51.70512740
1	55.82872420
1	59.20147800
1	68.37619224
1	69.64556672
1	80.16568538
1	0.39988046
1	0.82555680
1	1.92187976
1	2.68585560
1	12.53023086
1	13.16211602
1	21.60345342
1	22.74631462
1	27.41315920
1	33.01549624
1	36.96540360
1	46.18131440
1	48.14902750
1	48.45874294
1	55.22733716
1	58.68311038
1	61.74576756
1	69.54112780
1	70.84673480
1	72.60373456
1	74.20271344
1	76.74677774
1	81.47976270
1	83.99361808
1	86.20058448
2	86.20058600
1	103.07935492
1	104.96001736
1	106.97068118
1	107.07918770
1	107.53830278
1	112.36034900
2	112.36035318
1	124.33036750
1	132.39198774
1	139.03453820
1	145.28462580
1	146.02242790
1	146.30922262
1	146.95126414
1	150.32852710
1	152.57059656
1	157.32382646
1	158.97735182
1	162.10623574
1	166.05969906
1	168.07332102
1	170.26201524
1	89.42603662
1	90.37578412
1	92.39701804
1	115.10487266
1	118.40375324
1	123.91438180
1	125.72055394
1	126.10756666
2	126.10756714
1	139.60283334
1	142.50851428
1	145.23460058
1	145.63950934
1	151.81245582
1	157.26421808
1	186.21200348
1	192.35633958
1	199.96264200
1	201.55441192
1	219.22177684
1	221.14279426
1	227.71967234
1	231.03327300
1	234.39771684
1	234.50551030
1	236.81093726
1	238.96624194
1	239.55560866
1	239.99004970
1	241.75095210
1	242.25842114
1	251.51206664
1	184.18466702
1	202.67212300
1	202.96657510
1	206.95531744
1	209.06400776
1	210.78669436
1	213.35338672
1	213.36273016
1	214.03677484
1	214.35170586
1	216.11974676
1	219.66376300
1	221.83049466
1	236.40042298
1	237.96521298
1	243.80293436
1	250.26371802
1	250.82131470
1	253.11887054
1	256.98328064
1	260.05986484
1	261.21947638
1	271.26160794
1	272.70358588
1	277.00286522
1	278.65144928
1	282.94562160
1	285.58105062
1	286.33092812
1	286.93416108
1	288.00315328
1	288.46165776
1	294.63914714
1	294.96984950
1	298.09892198
1	304.13793350
1	317.12207258
1	320.18256036
1	321.08354272
1	322.04911872
1	322.24427848
1	334.46034536
1	261.56491040
1	262.73973340
1	264.44078282
1	267.00502012
1	268.86318984
1	277.85407672
1	278.68871322
1	278.85485874
1	286.26518518
1	302.30427284
1	306.65439664
1	307.35690742
1	307.51820710
1	309.62534382
1	310.75558876
1	316.85498880
1	324.44677874
1	326.05437266
1	336.28018568
1	347.77337782
1	348.81437806
1	353.44851598
1	355.12936320
1	367.51678396
1	367.55872116
1	378.61706316
1	379.66936400
1	380.06115254
1	384.66455908
1	397.80298474
1	399.30610016
1	402.27052654
1	402.99700976
1	406.96879324
1	417.80940020
1	418.16416228
1	429.33246650
1	344.72427480
1	352.48866326
1	373.30935318
1	375.78805308
1	387.99720766
1	395.63052910
1	396.02703306
1	404.03904582
1	427.66341706
1	432.87385992
1	446.62923182
1	464.49418862
1	466.43604866
1	471.98244042
1	478.28650084
1	486.53131148
1	493.27370080
1	496.47314436
1	500.41409270
1	432.13172090
1	455.15279694
1	457.88143448
1	459.32857396
1	462.16170632
1	464.26642364
1	465.26472144
1	465.42863556
1	475.65583342
1	479.50754538
1	480.41590346
1	483.24380050
1	486.01167226
1	491.64884078
1	495.22542928
1	495.38496650
1	509.22567578
1	511.50293286
2	511.50293500
1	518.61155644
1	519.33190648
1	521.70825740
1	527.04334856
1	528.69909794
1	530.47673732
1	530.49064804
1	534.66499750
1	535.25460016
1	541.62981272
1	553.62734552
1	556.93982050
1	558.51922792
1	561.14223612
1	578.57252592
1	586.48114508
2	586.48114586
1	594.34688970
1	516.85400142
1	522.27952218
1	522.54130856
1	533.03498394
1	539.39747474
1	544.08251948
1	556.34739648
1	561.97842124
1	563.14860592
1	571.86699000
1	595.10140900
2	595.10141200
1	596.91902444
1	602.25521394
1	603.62067200
1	612.67446504
1	612.91609476
1	614.74174270
1	634.77421190
1	641.07275842
1	641.78912844
1	642.32512142
1	647.33205188
1	651.09789336
1	657.17175866
2	657.17176170
1	661.64086394
1	670.56819506
1	680.54545534
1	681.90042430
2	681.90043346
1	684.06228752
1	602.84756752
1	605.33089172
1	629.86852722
1	641.05570618
1	647.42074140
1	648.94520760
2	648.94521148
1	653.69173096
1	661.17936292
1	663.95615280
1	666.84815500
1	675.61157074
1	686.15698434
1	1.89110918
1	11.06702188
1	17.77451870
1	18.30901250
1	28.94288300
1	42.44040836
1	52.10257286
1	72.77285938
1	76.35276530
1	80.68416074
1	10.67803474
1	12.28046422
2	12.28046536
1	16.10785026
1	17.55201088
1	22.33928060
1	33.76396218
1	35.89395408
2	35.89395728
1	36.78041214
1	44.38298800
1	45.01701390
1	48.71279114
1	66.41342162
1	71.86204250
1	73.43184678
1	74.44765196
1	75.61151904
1	81.93214888
1	83.66610812
1	92.11675632
1	92.24743254
1	93.05069352
1	93.50354208
1	111.86546158
1	126.52731402
1	127.72835098
1	129.63922736
1	138.94122304
1	142.07361668
1	146.37323448
1	148.17363306
1	155.80962754
1	168.06732678
1	87.40207046
1	92.52334316
1	96.21834450
1	117.53130098
1	150.75940894
1	158.52766288
1	160.51699754
1	168.83271502
1	175.83565396
1	199.73827650
1	204.93859436
1	206.12136858
1	208.89997218
2	208.89997392
1	220.65971072
1	221.75018910
1	228.33231942
1	232.32923438
1	248.19143784
1	253.32043958
1	255.06898762
1	173.17839888
1	174.64767522
1	177.81242428
1	181.39203754
1	182.21258334
1	183.09942614
1	204.74179288
1	206.11739064
2	206.11739158
1	214.09137702
1	214.17065106
1	222.91299642
1	225.73779092
1	230.04124074
1	234.56048006
1	238.31085398
1	240.61625506
1	246.04875918
1	251.80837804
1	257.00625028
1	263.07166606
1	263.11010356
1	273.98910722
1	284.72271060
1	300.85981566
1	302.48000000
1	306.04889446
1	307.57566400
1	310.84191272
1	319.95559318
1	328.66595320
1	329.98719162
1	267.79879960
1	277.72487496
1	283.85014790
1	290.43320290
1	304.51700270
1	305.01640976
1	316.60260778
1	329.13052792
1	329.97125314
2	329.97125816
1	332.51031668
1	335.87029548
1	336.05821454
1	338.26968486
1	348.78401788
1	352.98337508
1	353.23809210
1	353.43219610
1	356.75483830
1	383.10215410
1	411.07680898
1	416.04237486
1	429.32961526
1	344.47573440
1	346.31294260
1	361.74495706
1	362.92288898
1	366.99259320
1	368.82967784
1	372.36186456
1	377.22853870
1	379.62620690
2	379.62620870
1	379.72677070
1	385.43020182
1	386.23304050
1	394.62562462
1	400.44194126
1	404.13112716
1	430.18975786
1	450.43540048
1	464.51790718
1	464.53376058
1	491.62864770
1	501.33621350
1	503.65366318
1	511.57456042
1	434.25052832
1	435.24916674
1	435.99546876
1	439.98338626
1	443.22722064
1	445.73244690
1	449.62244562
1	450.27503022
1	456.98799528
2	456.98799752
1	458.66255076
1	474.38196216
1	483.80134004
1	485.96384324
1	487.47535302
2	487.47535508
1	492.26138544
1	496.97261998
1	513.50944432
1	513.97740922
1	535.82849356
1	558.34775226
1	573.18982120
1	579.37195386
1	579.54034246
1	584.71327130
1	585.13997608
1	599.04992426
1	517.31288434
1	538.90399502
1	547.24209160
1	551.62663072
1	553.13782244
1	573.31473288
1	579.90430656
1	581.96040190
1	584.54547108
1	586.42265056
1	590.44996560
1	603.07834472
1	612.14651020
1	614.17557940
1	617.25903382
2	617.25903432
1	629.85462150
1	661.00052978
1	675.68506386
1	626.84851160
1	638.75180088
1	671.91142394
1	673.24921632
1	16.41349706
1	34.76047376
1	52.82548738
1	76.24514402
1	30.78944586
1	33.18161842
1	39.25397954
1	65.37186098
1	66.30590048
1	74.98397310
1	91.66252014
1	92.08393004
1	110.63965834
1	115.73667218
1	119.07672808
1	136.06244476
1	136.20564854
1	146.42821952
1	108.83953178
1	110.91493270
1	117.17268432
1	135.61152274
1	154.51838196
1	169.58326648
1	176.43885766
1	177.68091538
1	179.20350432
1	202.44603834
1	205.57531862
1	210.42648386
1	210.59164246
1	245.42285140
1	177.91016656
1	180.32039020
1	193.85035800
1	224.96641526
1	240.61671518
2	240.61671762
1	243.74416214
1	243.96947984
1	247.37464520
1	297.68458986
1	331.68731138
1	263.96018384
1	272.99838564
1	279.57250334
1	316.86693394
1	344.00173666
1	391.69530562
1	395.29492246
1	398.65251798
1	350.46015102
1	426.26259994
1	433.00817428
1	434.06790054
1	462.81408086
1	442.73551626
1	449.53468222
1	476.26509044
1	507.30114914
1	552.60126726
1	591.51758388
1	555.09876872
1	573.22357548
1	590.97908724
1	602.01348686
1	610.28809308
1	610.49027392
1	612.82543800
1	623.94779840
1	636.65690052
1	639.89693336
1	672.88743780
1	678.70353622
1	683.72413932
1	609.62117900
1	660.56975386
1	661.86859686
1	686.59218372
1	2.97591230
1	5.57774796
1	83.91916512
1	1.26586278
1	36.49730750
1	44.88989426
1	86.30737964
1	100.49185032
1	112.40023482
1	131.02746630
1	161.43157400
1	88.87845070
1	90.02295544
2	90.02295632
1	90.19076776
1	131.20098010
1	160.24653332
1	185.38126570
1	189.47157696
1	229.45132070
1	231.97076250
1	251.12712612
1	190.35465546
1	207.74415914
1	226.19103720
1	231.19686272
1	243.09335520
1	266.70690320
1	288.04942466
1	289.69324376
1	258.95607126
1	265.05033766
1	284.28145564
1	288.52455124
1	295.19885336
1	309.07551486
1	309.60293114
1	320.79592908
1	351.53793156
1	388.13959552
1	399.35028688
1	406.11502624
1	407.83675086
1	414.85013672
1	350.62796084
1	353.15336370
1	368.88157824
1	410.44579476
1	433.07534728
1	447.54344718
1	488.60642458
1	496.42745874
1	437.44971608
1	447.90062300
1	464.47709866
1	481.22682566
1	488.20503348
1	491.09602126
1	494.98490596
1	517.97723278
1	545.42017262
2	545.42017582
1	554.80994028
1	558.42925488
1	591.31329852
1	581.31938856
2	581.31939086
1	582.91867742
1	631.60198738
1	643.91503448
1	647.52967250
1	650.44974262
1	676.54327638
1	680.77021692
2	680.77021760
1	657.54108992
1	668.50355446
1	669.73715544
1	678.83518004
1	10.36501394
1	18.20990422
1	20.62073646
1	27.45118832
1	35.63387670
1	49.21622060
1	56.01923044
1	71.79044762
1	83.31111622
1	23.47319890
1	26.12400044
1	33.78508122
1	36.83992962
1	46.33615310
1	80.71582476
1	113.14298826
1	157.35356606
1	147.94531748
2	147.94531940
1	148.06882844
1	177.38346338
1	192.85102868
1	207.26884444
1	227.12380934
1	232.74429458
1	241.40666342
1	195.65071874
1	213.19357056
1	220.27699928
1	221.61090288
1	226.33475878
1	226.57634782
1	254.50579484
1	267.72730826
1	278.95047638
1	283.19947258
1	340.70831014
1	276.14342506
1	294.99438652
1	302.16771442
1	303.74256576
1	315.38907688
1	317.25323284
1	321.96153364
1	345.44820626
1	349.64079594
2	349.64080502
1	369.26453072
1	374.76654736
1	380.81716242
1	420.25327294
1	353.45065988
1	358.11680026
1	368.26609176
1	384.36536410
1	388.20925276
1	409.15939802
1	438.32535820
1	442.61230172
1	452.94804744
1	464.79071904
1	468.03651026
1	471.38328180
1	474.08507338
1	493.26473002
1	495.75332632
1	500.57934904
1	505.26380284
1	432.40874246
1	441.04119646
1	442.21788072
1	485.39022840
1	493.12225006
1	572.91520556
1	599.63392814
1	529.00600280
1	533.75109288
2	533.75109832
1	551.45812102
1	569.94160520
1	578.90392914
1	595.88055652
1	621.42322540
1	680.32305206
1	615.18540940
1	627.37593254
1	666.20156936
1	677.21208136
1	8.15389024
1	33.23262190
1	41.61746500
1	45.24630516
1	60.40196058
1	62.03285550
1	64.49849394
1	102.00276376
1	102.37264512
1	130.95032874
1	137.02247408
1	137.62904140
2	137.62904278
1	160.59697594
1	128.45223446
1	134.02461204
1	135.24843048
1	142.73373472
1	161.79528076
1	165.74073486
1	181.99695172
1	182.95836194
1	203.24454826
1	208.05804844
1	173.47483124
1	184.78361726
1	186.53525452
1	194.45237348
1	204.22305152
1	286.54576630
1	293.60949528
1	308.45399894
1	308.92476174
1	310.58844186
1	267.87177342
1	301.38342096
1	341.09869172
1	342.94725952
1	349.72587842
1	361.46041344
1	388.04940510
1	416.77335168
1	423.38203366
1	352.54082360
1	368.72460452
1	379.01419552
1	385.54153444
1	417.54184106
1	440.79439206
1	505.46666692
1	513.60779858
1	446.93123716
1	470.39460982
1	515.50809636
1	532.85553098
1	543.37156152
1	563.14342906
1	575.57957086
1	582.23378986
1	550.89544640
1	586.39572682
1	590.27733134
1	602.68935424
1	616.09357144
1	636.62404770
1	654.73284262
1	674.73608976
1	647.69766158
1	669.36484580
1	673.61128748
1	45.77900776
1	64.85004690
1	72.81660694
1	6.72070550
1	15.77375898
1	75.06349614
1	132.32383680
1	166.20863518
1	170.48019632
1	165.75596554
1	170.41154702
1	224.84349434
1	228.68732696
1	241.68228470
1	244.45302758
1	246.83947810
1	196.76438234
1	218.83886096
1	282.80119996
1	260.85881846
1	311.43065414
1	322.15479990
1	329.01335918
1	347.26810672
1	380.90143636
1	368.22467642
1	379.02851428
1	388.08321630
1	421.06591038
1	426.67927264
1	428.47999924
1	439.50710252
1	493.97904394
1	509.26740664
1	479.36183486
1	551.57403388
1	553.83523556
1	589.65232018
1	664.48724786
1	604.28624018
1	613.56577526
1	653.86711764
1	686.90553740
1	1.28200648
1	28.23530436
1	59.27324914
1	61.46344398
1	66.75710824
1	15.08791840
1	66.17141712
1	95.41198870
1	116.74910974
1	152.17676964
1	156.99750142
1	172.80041910
1	174.65629204
1	213.93923702
1	247.74642848
1	179.84313196
1	194.72222778
2	194.72222922
1	202.90027634
1	243.08304934
1	255.89692790
1	276.11511098
1	284.07440462
1	329.63916736
1	268.12300218
1	273.90751696
1	402.94871342
1	425.69053822
1	435.10738986
1	456.68833646
1	436.38058980
1	482.21268338
1	519.00323778
1	588.87785852
1	516.02091444
1	618.82849008
1	601.42165842
1	668.43284566
1	3.05551218
1	63.64411364
1	64.38221388
1	74.26102152
1	26.64255392
1	68.34593918
1	125.45590334
1	161.07757764
1	204.50007928
1	215.48137214
1	180.06565982
1	281.31971806
2	281.31972132
1	362.97996050
1	401.85357378
1	343.63527898
1	395.27684448
1	428.64474308
1	512.11817888
1	519.18833102
1	534.90833814
1	631.24684994
2	631.24685194
1	653.40157698
1	609.20150634
1	70.85903502
1	25.26030030
1	104.52474210
1	167.38512906
1	183.12876596
1	174.56755170
1	375.35215068
1	396.90160390
1	366.08357120
1	483.95869960
1	516.53168832
1	519.99823386
1	632.70142090
1	45.35732230
1	95.84074732
1	240.32057874
1	309.64625190
1	267.58845628
1	313.58429692
1	406.89362018
1	491.75632474
1	452.98009258
1	53.21822314
1	5.63198544
1	230.26157148
1	366.30293772
1	432.94897392
1	506.97109176
1	643.04293728
1	88.32465890
1	111.06969914
1	114.48085630
1	196.28392420
1	487.17073858
1	669.33390690
1	166.18883264
1	307.46799762
1	364.89481044
1	507.41923746
1	241.57450502
1	305.47520880
2	305.47521096
1	406.99768868
1	562.70544204
